# Matter power spectrum P(k) at redshift z=0
# for k=0.000516752 to 1.34824 h/Mpc,
# number of wavenumbers equal to 759
#    1:k (h/Mpc)              2:P (Mpc/h)^3        
       5.167520445075e-04       1.567415052444e+03 
       5.478166285085e-04       1.883545926957e+03 
       5.807413950731e-04       2.216993315600e+03 
       6.156739722645e-04       2.566978503946e+03 
       6.527672402720e-04       2.933040614780e+03 
       6.921775869584e-04       3.314977923154e+03 
       7.340626311185e-04       3.712786281958e+03 
       7.785783965784e-04       4.126589699296e+03 
       8.258759628926e-04       4.556544870887e+03 
       8.760976737698e-04       5.002843549413e+03 
       9.293730484873e-04       5.465634287583e+03 
       9.858146067559e-04       5.944979373112e+03 
       1.045513872713e-03       6.440827541668e+03 
       1.108537856186e-03       6.952981821808e+03 
       1.174926307521e-03       7.481077179606e+03 
       1.244689999466e-03       8.024573386726e+03 
       1.317810207067e-03       8.582751154624e+03 
       1.394239444853e-03       9.154708441948e+03 
       1.473903397580e-03       9.739404303402e+03 
       1.556703867777e-03       1.033568917401e+04 
       1.642522478881e-03       1.094230300472e+04 
       1.731224828641e-03       1.155791809440e+04 
       1.822664785917e-03       1.218117311538e+04 
       1.916688658561e-03       1.281070009644e+04 
       2.013139018951e-03       1.344515197136e+04 
       2.111858043100e-03       1.408322318452e+04 
       2.212690287289e-03       1.472366799369e+04 
       2.315484884314e-03       1.536531227715e+04 
       2.420097185517e-03       1.600706129617e+04 
       2.526389903890e-03       1.664790501121e+04 
       2.634233829326e-03       1.728691903368e+04 
       2.743508192318e-03       1.792326455002e+04 
       2.854100750179e-03       1.855618693580e+04 
       2.965907663000e-03       1.918500729473e+04 
       3.078833217383e-03       1.980912406590e+04 
       3.192789446026e-03       2.042800075457e+04 
       3.307695681683e-03       2.104116814166e+04 
       3.423478075378e-03       2.164821058230e+04 
       3.540069101325e-03       2.224876995805e+04 
       3.657407064901e-03       2.284253047061e+04 
       3.775435625108e-03       2.342922586524e+04 
       3.894103339109e-03       2.400862334794e+04 
       4.013363233526e-03       2.458053032541e+04 
       4.133172404991e-03       2.514477953683e+04 
       4.253491650890e-03       2.570123770058e+04 
       4.374285130098e-03       2.624978668424e+04 
       4.495520052780e-03       2.679032412655e+04 
       4.617166397826e-03       2.732280184522e+04 
       4.739196656206e-03       2.784720505683e+04 
       4.861585598387e-03       2.836346024849e+04 
       4.984310063898e-03       2.887156317097e+04 
       5.107348771173e-03       2.937149470176e+04 
       5.230682145849e-03       2.986323938552e+04 
       5.354292165806e-03       3.034679757591e+04 
       5.478162221362e-03       3.082222959019e+04 
       5.602276989120e-03       3.128952247966e+04 
       5.726622318144e-03       3.174872972944e+04 
       5.851185127201e-03       3.219987675009e+04 
       5.975953311965e-03       3.264301606853e+04 
       6.100915661177e-03       3.307819098392e+04 
       6.226061780830e-03       3.350544869920e+04 
       6.351382025580e-03       3.392486090899e+04 
       6.476867436637e-03       3.433647596342e+04 
       6.602509685486e-03       3.474035057352e+04 
       6.728301022834e-03       3.513654943150e+04 
       6.854234232271e-03       3.552514240266e+04 
       6.980302588166e-03       3.590619305243e+04 
       7.106499817369e-03       3.627977462905e+04 
       7.232820064357e-03       3.664595311560e+04 
       7.359257859472e-03       3.700479199654e+04 
       7.485808089948e-03       3.735636339272e+04 
       7.612465973473e-03       3.770074525280e+04 
       7.739227034024e-03       3.803800960089e+04 
       7.866087079765e-03       3.836821669770e+04 
       7.993042182815e-03       3.869146161158e+04 
       8.120088660712e-03       3.900780487266e+04 
       8.247223059408e-03       3.931731131608e+04 
       8.374442137662e-03       3.962006307733e+04 
       8.501742852697e-03       3.991614292988e+04 
       8.629122347018e-03       4.020560588139e+04 
       8.756577936269e-03       4.048854425624e+04 
       8.884107098054e-03       4.076501158294e+04 
       9.011707461635e-03       4.103509435207e+04 
       9.139376798416e-03       4.129884590896e+04 
       9.267113013164e-03       4.155634700082e+04 
       9.394914135896e-03       4.180766755601e+04 
       9.522778314375e-03       4.205287978621e+04 
       9.650703807167e-03       4.229204894171e+04 
       9.778688977208e-03       4.252524167957e+04 
       9.906732285847e-03       4.275252193259e+04 
       1.003483228732e-02       4.297395972332e+04 
       1.016298762363e-02       4.318962124892e+04 
       1.029119701977e-02       4.339958438090e+04 
       1.041945927931e-02       4.360388490115e+04 
       1.054777328031e-02       4.380262411002e+04 
       1.067613797146e-02       4.399584063762e+04 
       1.080455236855e-02       4.418360096961e+04 
       1.093301555115e-02       4.436598485272e+04 
       1.106152665953e-02       4.454303401601e+04 
       1.119008489182e-02       4.471482106056e+04 
       1.131868950126e-02       4.488140555825e+04 
       1.144733979380e-02       4.504285216683e+04 
       1.157603512572e-02       4.519921528657e+04 
       1.170477490146e-02       4.535056064462e+04 
       1.183355857164e-02       4.549694344240e+04 
       1.196238563113e-02       4.563842971355e+04 
       1.209125561732e-02       4.577507340313e+04 
       1.222016810846e-02       4.590693567197e+04 
       1.234912272217e-02       4.603407537912e+04 
       1.247811911395e-02       4.615654917462e+04 
       1.260715697590e-02       4.627442932342e+04 
       1.273623603548e-02       4.638774535128e+04 
       1.286535605431e-02       4.649657786696e+04 
       1.299451682714e-02       4.660096938525e+04 
       1.312371818085e-02       4.670097766238e+04 
       1.325295997348e-02       4.679666626829e+04 
       1.338224209338e-02       4.688806487508e+04 
       1.351156445845e-02       4.697523743706e+04 
       1.364092701532e-02       4.705824472122e+04 
       1.377032973874e-02       4.713714471325e+04 
       1.389977263087e-02       4.721195796427e+04 
       1.402925572076e-02       4.728278660283e+04 
       1.415877906376e-02       4.734962388861e+04 
       1.428834274102e-02       4.741255954531e+04 
       1.441794685911e-02       4.747162977913e+04 
       1.454759154951e-02       4.752688263821e+04 
       1.467727696828e-02       4.757836571347e+04 
       1.480700329574e-02       4.762614738349e+04 
       1.493677073611e-02       4.767026511695e+04 
       1.506657951731e-02       4.771073966717e+04 
       1.519642989065e-02       4.774764523337e+04 
       1.532632213066e-02       4.778100919816e+04 
       1.545625653488e-02       4.781091609803e+04 
       1.558623342377e-02       4.783737529783e+04 
       1.571625314048e-02       4.786044785767e+04 
       1.584631605087e-02       4.788016436359e+04 
       1.597642254333e-02       4.789659032434e+04 
       1.610657302880e-02       4.790974744350e+04 
       1.623676794070e-02       4.791966426353e+04 
       1.636700773495e-02       4.792645534582e+04 
       1.649729289000e-02       4.793012220251e+04 
       1.662762390681e-02       4.793066219352e+04 
       1.675800130898e-02       4.792817727302e+04 
       1.688842564281e-02       4.792270425386e+04 
       1.701889747736e-02       4.791426505706e+04 
       1.714941740463e-02       4.790288872970e+04 
       1.727998603968e-02       4.788866737630e+04 
       1.741060402077e-02       4.787160208465e+04 
       1.754127200957e-02       4.785172398554e+04 
       1.767199069133e-02       4.782909554751e+04 
       1.780276077512e-02       4.780378110643e+04 
       1.793358299404e-02       4.777575175084e+04 
       1.806445810552e-02       4.774512358088e+04 
       1.819538689151e-02       4.771186170449e+04 
       1.832637015887e-02       4.767608053233e+04 
       1.845740873958e-02       4.763775185194e+04 
       1.858850349115e-02       4.759693312447e+04 
       1.871965529689e-02       4.755367434392e+04 
       1.885086506634e-02       4.750804147652e+04 
       1.898213373560e-02       4.746001998688e+04 
       1.911346226774e-02       4.740963977156e+04 
       1.924485165324e-02       4.735693581312e+04 
       1.937630291040e-02       4.730201146665e+04 
       1.950781708582e-02       4.724487125959e+04 
       1.963939525484e-02       4.718552209001e+04 
       1.977103852206e-02       4.712404106947e+04 
       1.990274802185e-02       4.706044966805e+04 
       2.003452491889e-02       4.699477068541e+04 
       2.016637040868e-02       4.692701217484e+04 
       2.029828571819e-02       4.685721961914e+04 
       2.043027210639e-02       4.678549027265e+04 
       2.056233086489e-02       4.671183193307e+04 
       2.069446331858e-02       4.663625887595e+04 
       2.082667082630e-02       4.655880860474e+04 
       2.095895478150e-02       4.647947203261e+04 
       2.109131661297e-02       4.639831257853e+04 
       2.122375778555e-02       4.631540593722e+04 
       2.135627980093e-02       4.623075810558e+04 
       2.148888419835e-02       4.614438879260e+04 
       2.162157255550e-02       4.605632319282e+04 
       2.175434648927e-02       4.596666590084e+04 
       2.188720765668e-02       4.587531002120e+04 
       2.202015775570e-02       4.578246389512e+04 
       2.215319852624e-02       4.568795407835e+04 
       2.228633175103e-02       4.559196639140e+04 
       2.241955925662e-02       4.549447513138e+04 
       2.255288291442e-02       4.539553326281e+04 
       2.268630464169e-02       4.529515721851e+04 
       2.281982640262e-02       4.519334999749e+04 
       2.295345020948e-02       4.509017480711e+04 
       2.308717812372e-02       4.498566992742e+04 
       2.322101225714e-02       4.487978908079e+04 
       2.335495477316e-02       4.477264082121e+04 
       2.348900788802e-02       4.466433499915e+04 
       2.362317387211e-02       4.455464185778e+04 
       2.375745505128e-02       4.444374680596e+04 
       2.389185380823e-02       4.433174740084e+04 
       2.402637258396e-02       4.421851655299e+04 
       2.416101387920e-02       4.410426526979e+04 
       2.429578025593e-02       4.398882046336e+04 
       2.443067433897e-02       4.387229108558e+04 
       2.456569881760e-02       4.375467153969e+04 
       2.470085644720e-02       4.363610391577e+04 
       2.483615005099e-02       4.351654359709e+04 
       2.497158252182e-02       4.339597518402e+04 
       2.510715682399e-02       4.327443548162e+04 
       2.524287599519e-02       4.315201604819e+04 
       2.537874314840e-02       4.302867210058e+04 
       2.551476147398e-02       4.290435290783e+04 
       2.565093424176e-02       4.277929386651e+04 
       2.578726480319e-02       4.265331562631e+04 
       2.592375659357e-02       4.252661371817e+04 
       2.606041313443e-02       4.239897227042e+04 
       2.619723803586e-02       4.227062679115e+04 
       2.633423499905e-02       4.214157232651e+04 
       2.647140781883e-02       4.201183685099e+04 
       2.660876038633e-02       4.188133909199e+04 
       2.674629669174e-02       4.175013924753e+04 
       2.688402082718e-02       4.161834662730e+04 
       2.702193698961e-02       4.148588252858e+04 
       2.716004948393e-02       4.135273521341e+04 
       2.729836272614e-02       4.121900658656e+04 
       2.743688124658e-02       4.108475338333e+04 
       2.757560969342e-02       4.094990927410e+04 
       2.771455283611e-02       4.081452553850e+04 
       2.785371556908e-02       4.067868358058e+04 
       2.799310291555e-02       4.054214154915e+04 
       2.813272003144e-02       4.040532136494e+04 
       2.827257220947e-02       4.026797981486e+04 
       2.841266488342e-02       4.013016095897e+04 
       2.855300363254e-02       3.999188303751e+04 
       2.869359418611e-02       3.985322310542e+04 
       2.883444242821e-02       3.971411177294e+04 
       2.897555440270e-02       3.957465283278e+04 
       2.911693631831e-02       3.943489119425e+04 
       2.925859455403e-02       3.929472976598e+04 
       2.940053566466e-02       3.915425955480e+04 
       2.954276638660e-02       3.901343315495e+04 
       2.968529364389e-02       3.887234962499e+04 
       2.982812455446e-02       3.873088053463e+04 
       2.997126643672e-02       3.858920341785e+04 
       3.011472681631e-02       3.844732630296e+04 
       3.025851343327e-02       3.830516850734e+04 
       3.040263424936e-02       3.816274606047e+04 
       3.054709745588e-02       3.802006817849e+04 
       3.069191148164e-02       3.787725204748e+04 
       3.083708500144e-02       3.773426451626e+04 
       3.098262694481e-02       3.759101679059e+04 
       3.112854650519e-02       3.744770960673e+04 
       3.127485314956e-02       3.730419694993e+04 
       3.142155662839e-02       3.716052675378e+04 
       3.156866698619e-02       3.701669122585e+04 
       3.171619457241e-02       3.687286012334e+04 
       3.186415005299e-02       3.672870237821e+04 
       3.201254442231e-02       3.658456948687e+04 
       3.216138901583e-02       3.644049995780e+04 
       3.231069552324e-02       3.629627324694e+04 
       3.246047600231e-02       3.615185111970e+04 
       3.261074289342e-02       3.600736155999e+04 
       3.276150903475e-02       3.586285032987e+04 
       3.291278767826e-02       3.571840883175e+04 
       3.306459250652e-02       3.557385402859e+04 
       3.321693765032e-02       3.542931413316e+04 
       3.336983770721e-02       3.528473937631e+04 
       3.352330776104e-02       3.514011122173e+04 
       3.367736340251e-02       3.499561206697e+04 
       3.383202075074e-02       3.485102068846e+04 
       3.398729647611e-02       3.470635580459e+04 
       3.414320782424e-02       3.456192470514e+04 
       3.429977264135e-02       3.441735502301e+04 
       3.445700940097e-02       3.427280795938e+04 
       3.461493723219e-02       3.412836711391e+04 
       3.477357594950e-02       3.398396982964e+04 
       3.493294608426e-02       3.383958795129e+04 
       3.509306891812e-02       3.369528783636e+04 
       3.525396651832e-02       3.355103950805e+04 
       3.541566177505e-02       3.340677765808e+04 
       3.557817844112e-02       3.326265485977e+04 
       3.574154117398e-02       3.311858552258e+04 
       3.590577558037e-02       3.297457050943e+04 
       3.607090826363e-02       3.283058923343e+04 
       3.623696687415e-02       3.268679429341e+04 
       3.640398016286e-02       3.254294106724e+04 
       3.657197803826e-02       3.239928940645e+04 
       3.674099162718e-02       3.225551724661e+04 
       3.691105333946e-02       3.211200036522e+04 
       3.708219693704e-02       3.196855939814e+04 
       3.725445760771e-02       3.182509152510e+04 
       3.742787204388e-02       3.168179628693e+04 
       3.760247852693e-02       3.153853366740e+04 
       3.777831701738e-02       3.139522071449e+04 
       3.795542925160e-02       3.125222737189e+04 
       3.813385884547e-02       3.110911083694e+04 
       3.831365140575e-02       3.096614183776e+04 
       3.849485464961e-02       3.082316533463e+04 
       3.867751853334e-02       3.068034357749e+04 
       3.886169539085e-02       3.053747093230e+04 
       3.904744008297e-02       3.039479676368e+04 
       3.923481015862e-02       3.025200025497e+04 
       3.942386602878e-02       3.010937907345e+04 
       3.961467115480e-02       2.996667452152e+04 
       3.980729225215e-02       2.982407356848e+04 
       4.000179951144e-02       2.968140318253e+04 
       4.019826683821e-02       2.953876898079e+04 
       4.039677211363e-02       2.939625974962e+04 
       4.059739747821e-02       2.925358929977e+04 
       4.080022964095e-02       2.911087762262e+04 
       4.100536021680e-02       2.896823206362e+04 
       4.121288609538e-02       2.882544639211e+04 
       4.142290984474e-02       2.868266768297e+04 
       4.163554015384e-02       2.853977524529e+04 
       4.185089231848e-02       2.839679503666e+04 
       4.206908877585e-02       2.825374344547e+04 
       4.229025969333e-02       2.811052398526e+04 
       4.251454361849e-02       2.796716533051e+04 
       4.274208819781e-02       2.782363200457e+04 
       4.297305097288e-02       2.767995978224e+04 
       4.320760026430e-02       2.753599426688e+04 
       4.344591615477e-02       2.739186170718e+04 
       4.368819158506e-02       2.724746173739e+04 
       4.393463357821e-02       2.710275700219e+04 
       4.418546461030e-02       2.695771718293e+04 
       4.444092414897e-02       2.681236585967e+04 
       4.470127038427e-02       2.666659687493e+04 
       4.496678218112e-02       2.652043682417e+04 
       4.523776128741e-02       2.637375760057e+04 
       4.551453483818e-02       2.622659884722e+04 
       4.579745820379e-02       2.607887139409e+04 
       4.608691823889e-02       2.593057862645e+04 
       4.638333700032e-02       2.578148720882e+04 
       4.668717601517e-02       2.563176737337e+04 
       4.699894119710e-02       2.548132034158e+04 
       4.731918852922e-02       2.532993104069e+04 
       4.764853065697e-02       2.517770498863e+04 
       4.798764456578e-02       2.502435309519e+04 
       4.833728055739e-02       2.486983626955e+04 
       4.869827278717e-02       2.471414613337e+04 
       4.907155168681e-02       2.455712673224e+04 
       4.945815867341e-02       2.439867699307e+04 
       4.985926364506e-02       2.423854194336e+04 
       5.027618588681e-02       2.407658028333e+04 
       5.071041917029e-02       2.391275407087e+04 
       5.116366203217e-02       2.374666719176e+04 
       5.163785447463e-02       2.357808283554e+04 
       5.213522265879e-02       2.340680994438e+04 
       5.265833357557e-02       2.323239073818e+04 
       5.321016219530e-02       2.305455624582e+04 
       5.379417422846e-02       2.287266872019e+04 
       5.441442837222e-02       2.268626120364e+04 
       5.507570273043e-02       2.249449307770e+04 
       5.578365085150e-02       2.229655207678e+04 
       5.654499322910e-02       2.209127141860e+04 
       5.736774950186e-02       2.187720830537e+04 
       5.826151364575e-02       2.165253976509e+04 
       5.923776661921e-02       2.141473539632e+04 
       6.031020354924e-02       2.116060236100e+04 
       6.149501788892e-02       2.088572121687e+04 
       6.281102206659e-02       2.058445836393e+04 
       6.427938303153e-02       2.024900894785e+04 
       6.592261985865e-02       1.986960542557e+04 
       6.776241751004e-02       1.943391981752e+04 
       6.981594577067e-02       1.892829292574e+04 
       7.209102948614e-02       1.833964379849e+04 
       7.458175928496e-02       1.765953965815e+04 
       7.726713099033e-02       1.688874652562e+04 
       8.011444999506e-02       1.604067312705e+04 
       8.308630573260e-02       1.514098184057e+04 
       8.614758783256e-02       1.422344035154e+04 
       8.926970205547e-02       1.332404440387e+04 
       9.243159685326e-02       1.247532096802e+04 
       9.561881257747e-02       1.170252175736e+04 
       9.882186365469e-02       1.102166620781e+04 
       1.020347088500e-01       1.043959663330e+04 
       1.052535715013e-01       9.954562984516e+03 
       1.084761176480e-01       9.558033080495e+03 
       1.117009149765e-01       9.236321312717e+03 
       1.149270881487e-01       8.972400652033e+03 
       1.181541034701e-01       8.747650035337e+03 
       1.213816359200e-01       8.543564751591e+03 
       1.246094876149e-01       8.343300124562e+03 
       1.278375380211e-01       8.133230757121e+03 
       1.310657136303e-01       7.903783321356e+03 
       1.342939695167e-01       7.650234920848e+03 
       1.375222781304e-01       7.372639664546e+03 
       1.407506224908e-01       7.075168729945e+03 
       1.439789920525e-01       6.765057396444e+03 
       1.472073801948e-01       6.451380092401e+03 
       1.504357826962e-01       6.143698065146e+03 
       1.536641968071e-01       5.850825887572e+03 
       1.568926206863e-01       5.580060486931e+03 
       1.601210530564e-01       5.336484742039e+03 
       1.633494929949e-01       5.122800983530e+03 
       1.665779398055e-01       4.939332606770e+03 
       1.698063929390e-01       4.784303027613e+03 
       1.730348519448e-01       4.654135713465e+03 
       1.762633164406e-01       4.544033273396e+03 
       1.794917860930e-01       4.448452321292e+03 
       1.827202606052e-01       4.361658120222e+03 
       1.859487397091e-01       4.279215147324e+03 
       1.891772231599e-01       4.195506854969e+03 
       1.924057107322e-01       4.106553311543e+03 
       1.956342022175e-01       4.009988430785e+03 
       1.988626974218e-01       3.904979598148e+03 
       2.020911961645e-01       3.792155885129e+03 
       2.053196982768e-01       3.673335873944e+03 
       2.085482036004e-01       3.551182410824e+03 
       2.117767119873e-01       3.428679208074e+03 
       2.150052232983e-01       3.308833918857e+03 
       2.182337374025e-01       3.194228418791e+03 
       2.214622541768e-01       3.086945919444e+03 
       2.246907735054e-01       2.988415577502e+03 
       2.279192952788e-01       2.899408503354e+03 
       2.311478193940e-01       2.820067808863e+03 
       2.343763457534e-01       2.749915455325e+03 
       2.376048742650e-01       2.687965290144e+03 
       2.408334048417e-01       2.632766758880e+03 
       2.440619374009e-01       2.582615255702e+03 
       2.472904718644e-01       2.535693061437e+03 
       2.505190081583e-01       2.490271343550e+03 
       2.537475462122e-01       2.444846999570e+03 
       2.569760859594e-01       2.398305498327e+03 
       2.602046273364e-01       2.349914067191e+03 
       2.634331702829e-01       2.299377038737e+03 
       2.666617147416e-01       2.246759812802e+03 
       2.698902606579e-01       2.192481014273e+03 
       2.731188079798e-01       2.137201282697e+03 
       2.763473566578e-01       2.081766934145e+03 
       2.795759066446e-01       2.027107730351e+03 
       2.828044578952e-01       1.974130204155e+03 
       2.860330103664e-01       1.923610479425e+03 
       2.892615640172e-01       1.876125953171e+03 
       2.924901188084e-01       1.832013347179e+03 
       2.957186747023e-01       1.791318976907e+03 
       2.989472316631e-01       1.753909572155e+03 
       3.021757896564e-01       1.719420361856e+03 
       3.054043486492e-01       1.687415793810e+03 
       3.086329086101e-01       1.657377473531e+03 
       3.118614695087e-01       1.628769674334e+03 
       3.150900313162e-01       1.601056850168e+03 
       3.183185940048e-01       1.573765055470e+03 
       3.215471575477e-01       1.546494887809e+03 
       3.247757219194e-01       1.518964823989e+03 
       3.280042870952e-01       1.491026042091e+03 
       3.312328530516e-01       1.462653187657e+03 
       3.344614197658e-01       1.433967914745e+03 
       3.376899872161e-01       1.405170788040e+03 
       3.409185553813e-01       1.376508253095e+03 
       3.441471242412e-01       1.348256276483e+03 
       3.473756937765e-01       1.320641461801e+03 
       3.506042639684e-01       1.293914130795e+03 
       3.538328347987e-01       1.268228300292e+03 
       3.570614062502e-01       1.243715756074e+03 
       3.602899783060e-01       1.220443923525e+03 
       3.635185509500e-01       1.198404021591e+03 
       3.667471241666e-01       1.177529864675e+03 
       3.699756979406e-01       1.157698910229e+03 
       3.732042722577e-01       1.138743016609e+03 
       3.764328471037e-01       1.120476145546e+03 
       3.796614224651e-01       1.102700749231e+03 
       3.828899983288e-01       1.085270387481e+03 
       3.861185746821e-01       1.068078860186e+03 
       3.893471515129e-01       1.051003337152e+03 
       3.925757288093e-01       1.034039564390e+03 
       3.958043065598e-01       1.017125252506e+03 
       3.990328847535e-01       1.000289492882e+03 
       4.022614633795e-01       9.835601012825e+02 
       4.054900424275e-01       9.669960146341e+02 
       4.087186218875e-01       9.506407223292e+02 
       4.119472017497e-01       9.345991859685e+02 
       4.151757820047e-01       9.189260375035e+02 
       4.184043626435e-01       9.036884252507e+02 
       4.216329436571e-01       8.889201664752e+02 
       4.248615250369e-01       8.746331153980e+02 
       4.280901067747e-01       8.608218857118e+02 
       4.313186888624e-01       8.474677780640e+02 
       4.345472712922e-01       8.345540371689e+02 
       4.377758540564e-01       8.220468182801e+02 
       4.410044371477e-01       8.099114011087e+02 
       4.442330205589e-01       7.981069469204e+02 
       4.474616042831e-01       7.865804979516e+02 
       4.506901883135e-01       7.752845400773e+02 
       4.539187726437e-01       7.641762408111e+02 
       4.571473572671e-01       7.532048474332e+02 
       4.603759421776e-01       7.423676219064e+02 
       4.636045273692e-01       7.316505035583e+02 
       4.668331128360e-01       7.210578844470e+02 
       4.700616985724e-01       7.105987338381e+02 
       4.732902845728e-01       7.002844371354e+02 
       4.765188708319e-01       6.901263732742e+02 
       4.797474573443e-01       6.801408461338e+02 
       4.829760441050e-01       6.703449217935e+02 
       4.862046311091e-01       6.607601026841e+02 
       4.894332183516e-01       6.513992128742e+02 
       4.926618058279e-01       6.422746816584e+02 
       4.958903935335e-01       6.333963210658e+02 
       4.991189814638e-01       6.247542275067e+02 
       5.023475696145e-01       6.163328566814e+02 
       5.055761579813e-01       6.081056775369e+02 
       5.088047465602e-01       6.000618315671e+02 
       5.120333353471e-01       5.921804532453e+02 
       5.152619243381e-01       5.844459803418e+02 
       5.184905135294e-01       5.768474354881e+02 
       5.217191029172e-01       5.693678391927e+02 
       5.249476924979e-01       5.620017502308e+02 
       5.281762822680e-01       5.547382522672e+02 
       5.314048722239e-01       5.475689320920e+02 
       5.346334623624e-01       5.404975458856e+02 
       5.378620526801e-01       5.335269606315e+02 
       5.410906431737e-01       5.266638227694e+02 
       5.443192338403e-01       5.199183476452e+02 
       5.475478246766e-01       5.132968577141e+02 
       5.507764156797e-01       5.067974281073e+02 
       5.540050068467e-01       5.004206107074e+02 
       5.572335981747e-01       4.941658496878e+02 
       5.604621896609e-01       4.880322922328e+02 
       5.636907813027e-01       4.820135186348e+02 
       5.669193730972e-01       4.761142359039e+02 
       5.701479650420e-01       4.703305076934e+02 
       5.733765571345e-01       4.646588262197e+02 
       5.766051493722e-01       4.590921972006e+02 
       5.798337417526e-01       4.536209070437e+02 
       5.830623342735e-01       4.482389247734e+02 
       5.862909269324e-01       4.429403831345e+02 
       5.895195197270e-01       4.377239363856e+02 
       5.927481126553e-01       4.325856687067e+02 
       5.959767057149e-01       4.275283490555e+02 
       5.992052989038e-01       4.225472264912e+02 
       6.024338922199e-01       4.176407541111e+02 
       6.056624856610e-01       4.128081892968e+02 
       6.088910792254e-01       4.080451721410e+02 
       6.121196729109e-01       4.033514980719e+02 
       6.153482667157e-01       3.987296557011e+02 
       6.185768606378e-01       3.941811881721e+02 
       6.218054546756e-01       3.897121185693e+02 
       6.250340488271e-01       3.853184309974e+02 
       6.282626430906e-01       3.809999485297e+02 
       6.314912374645e-01       3.767533472248e+02 
       6.347198319469e-01       3.725778761487e+02 
       6.379484265362e-01       3.684656487822e+02 
       6.411770212309e-01       3.644189050555e+02 
       6.444056160294e-01       3.604365561838e+02 
       6.476342109300e-01       3.565179748833e+02 
       6.508628059313e-01       3.526613429118e+02 
       6.540914010318e-01       3.488629272431e+02 
       6.573199962299e-01       3.451191784503e+02 
       6.605485915244e-01       3.414276940737e+02 
       6.637771869137e-01       3.377867985741e+02 
       6.670057823964e-01       3.341965750181e+02 
       6.702343779713e-01       3.306584137021e+02 
       6.734629736370e-01       3.271722620690e+02 
       6.766915693922e-01       3.237380639275e+02 
       6.799201652356e-01       3.203548682423e+02 
       6.831487611659e-01       3.170196144748e+02 
       6.863773571820e-01       3.137308711838e+02 
       6.896059532826e-01       3.104890187540e+02 
       6.928345494666e-01       3.072935013446e+02 
       6.960631457327e-01       3.041457004907e+02 
       6.992917420799e-01       3.010460717624e+02 
       7.025203385070e-01       2.979928464941e+02 
       7.057489350129e-01       2.949846856826e+02 
       7.089775315965e-01       2.920195794166e+02 
       7.122061282569e-01       2.890946376370e+02 
       7.154347249928e-01       2.862095920458e+02 
       7.186633218034e-01       2.833636439341e+02 
       7.218919186876e-01       2.805580891578e+02 
       7.251205156444e-01       2.777922297700e+02 
       7.283491126729e-01       2.750650971693e+02 
       7.315777097721e-01       2.723747690212e+02 
       7.348063069411e-01       2.697202786166e+02 
       7.380349041789e-01       2.670995752569e+02 
       7.412635014847e-01       2.645127945542e+02 
       7.444920988575e-01       2.619598140643e+02 
       7.477206962966e-01       2.594419144182e+02 
       7.509492938010e-01       2.569589798954e+02 
       7.541778913699e-01       2.545105812705e+02 
       7.574064890024e-01       2.520952223969e+02 
       7.606350866979e-01       2.497116507230e+02 
       7.638636844554e-01       2.473587137256e+02 
       7.670922822741e-01       2.450346520619e+02 
       7.703208801534e-01       2.427420052530e+02 
       7.735494780925e-01       2.404796627917e+02 
       7.767780760905e-01       2.382479341649e+02 
       7.800066741468e-01       2.360463955227e+02 
       7.832352722606e-01       2.338734245608e+02 
       7.864638704313e-01       2.317275538767e+02 
       7.896924686581e-01       2.296070540133e+02 
       7.929210669404e-01       2.275135730842e+02 
       7.961496652775e-01       2.254462477516e+02 
       7.993782636686e-01       2.234051250721e+02 
       8.026068621132e-01       2.213911373499e+02 
       8.058354606106e-01       2.194025670664e+02 
       8.090640591602e-01       2.174398487349e+02 
       8.122926577614e-01       2.155005351119e+02 
       8.155212564135e-01       2.135840274881e+02 
       8.187498551159e-01       2.116903541978e+02 
       8.219784538680e-01       2.098194273115e+02 
       8.252070526694e-01       2.079731348537e+02 
       8.284356515193e-01       2.061494363655e+02 
       8.316642504172e-01       2.043496696377e+02 
       8.348928493626e-01       2.025716590226e+02 
       8.381214483548e-01       2.008145430477e+02 
       8.413500473935e-01       1.990778828015e+02 
       8.445786464780e-01       1.973613323803e+02 
       8.478072456077e-01       1.956653709046e+02 
       8.510358447823e-01       1.939903863111e+02 
       8.542644440012e-01       1.923360084626e+02 
       8.574930432638e-01       1.907018226840e+02 
       8.607216425698e-01       1.890874697683e+02 
       8.639502419185e-01       1.874909064709e+02 
       8.671788413095e-01       1.859126117190e+02 
       8.704074407424e-01       1.843520360656e+02 
       8.736360402167e-01       1.828095566945e+02 
       8.768646397320e-01       1.812856697551e+02 
       8.800932392877e-01       1.797802381328e+02 
       8.833218388834e-01       1.782926606035e+02 
       8.865504385187e-01       1.768220775010e+02 
       8.897790381932e-01       1.753681217681e+02 
       8.930076379064e-01       1.739299021124e+02 
       8.962362376580e-01       1.725077146999e+02 
       8.994648374474e-01       1.711015710011e+02 
       9.026934372743e-01       1.697119364971e+02 
       9.059220371384e-01       1.683389891921e+02 
       9.091506370391e-01       1.669819487313e+02 
       9.123792369762e-01       1.656400035839e+02 
       9.156078369491e-01       1.643124970750e+02 
       9.188364369576e-01       1.629994967648e+02 
       9.220650370013e-01       1.617002176355e+02 
       9.252936370798e-01       1.604157654049e+02 
       9.285222371927e-01       1.591458583266e+02 
       9.317508373397e-01       1.578898113035e+02 
       9.349794375205e-01       1.566494536010e+02 
       9.382080377346e-01       1.554215424898e+02 
       9.414366379817e-01       1.542069831216e+02 
       9.446652382615e-01       1.530054604814e+02 
       9.478938385737e-01       1.518153940996e+02 
       9.511224389180e-01       1.506393542672e+02 
       9.543510392939e-01       1.494759884235e+02 
       9.575796397012e-01       1.483255834071e+02 
       9.608082401396e-01       1.471880566200e+02 
       9.640368406087e-01       1.460622443116e+02 
       9.672654411083e-01       1.449475672161e+02 
       9.704940416380e-01       1.438449461742e+02 
       9.737226421975e-01       1.427534837442e+02 
       9.769512427866e-01       1.416735930240e+02 
       9.801798434050e-01       1.406060111176e+02 
       9.834084440523e-01       1.395496832542e+02 
       9.866370447283e-01       1.385045380875e+02 
       9.898656454327e-01       1.374706211666e+02 
       9.930942461652e-01       1.364465632468e+02 
       9.963228469255e-01       1.354330438437e+02 
       9.995514477134e-01       1.344293698120e+02 
       1.002780048529e+00       1.334360987637e+02 
       1.006008649371e+00       1.324537269781e+02 
       1.009237250240e+00       1.314818736238e+02 
       1.012465851136e+00       1.305199199947e+02 
       1.015694452057e+00       1.295677163604e+02 
       1.018923053005e+00       1.286248307290e+02 
       1.022151653979e+00       1.276909150779e+02 
       1.025380254978e+00       1.267662434752e+02 
       1.028608856003e+00       1.258509534645e+02 
       1.031837457052e+00       1.249452664699e+02 
       1.035066058127e+00       1.240490651872e+02 
       1.038294659226e+00       1.231620791185e+02 
       1.041523260349e+00       1.222835871826e+02 
       1.044751861496e+00       1.214134126702e+02 
       1.047980462668e+00       1.205515903363e+02 
       1.051209063863e+00       1.196979339062e+02 
       1.054437665081e+00       1.188528482849e+02 
       1.057666266323e+00       1.180164811703e+02 
       1.060894867588e+00       1.171886887740e+02 
       1.064123468876e+00       1.163690557287e+02 
       1.067352070186e+00       1.155571014301e+02 
       1.070580671519e+00       1.147525429829e+02 
       1.073809272873e+00       1.139555317087e+02 
       1.077037874250e+00       1.131662302238e+02 
       1.080266475649e+00       1.123843757787e+02 
       1.083495077070e+00       1.116108181498e+02 
       1.086723678511e+00       1.108447550903e+02 
       1.089952279974e+00       1.100861741545e+02 
       1.093180881458e+00       1.093345915421e+02 
       1.096409482963e+00       1.085898186601e+02 
       1.099638084489e+00       1.078516482193e+02 
       1.102866686035e+00       1.071205080847e+02 
       1.106095287602e+00       1.063963399802e+02 
       1.109323889188e+00       1.056794134355e+02 
       1.112552490795e+00       1.049693437254e+02 
       1.115781092421e+00       1.042660171199e+02 
       1.119009694067e+00       1.035693190925e+02 
       1.122238295733e+00       1.028784482552e+02 
       1.125466897418e+00       1.021937276823e+02 
       1.128695499121e+00       1.015153497474e+02 
       1.131924100844e+00       1.008433938905e+02 
       1.135152702586e+00       1.001779237997e+02 
       1.138381304346e+00       9.951879379074e+01 
       1.141609906125e+00       9.886556594957e+01 
       1.144838507922e+00       9.821852311295e+01 
       1.148067109737e+00       9.757717197206e+01 
       1.151295711570e+00       9.694088476075e+01 
       1.154524313421e+00       9.631059774755e+01 
       1.157752915290e+00       9.568613930540e+01 
       1.160981517177e+00       9.506737105625e+01 
       1.164210119080e+00       9.445469325146e+01 
       1.167438721001e+00       9.384751812881e+01 
       1.170667322940e+00       9.324545765038e+01 
       1.173895924895e+00       9.264840177199e+01 
       1.177124526867e+00       9.205664791538e+01 
       1.180353128855e+00       9.147012008398e+01 
       1.183581730861e+00       9.088892816920e+01 
       1.186810332882e+00       9.031299539139e+01 
       1.190038934920e+00       8.974244805460e+01 
       1.193267536975e+00       8.917696197835e+01 
       1.196496139045e+00       8.861614416320e+01 
       1.199724741131e+00       8.806018326433e+01 
       1.202953343233e+00       8.750871605695e+01 
       1.206181945350e+00       8.696193841822e+01 
       1.209410547483e+00       8.642026121336e+01 
       1.212639149632e+00       8.588338095390e+01 
       1.215867751796e+00       8.535134533786e+01 
       1.219096353975e+00       8.482398022797e+01 
       1.222324956169e+00       8.430094318971e+01 
       1.225553558378e+00       8.378271356861e+01 
       1.228782160601e+00       8.326789569319e+01 
       1.232010762840e+00       8.275781525441e+01 
       1.235239365093e+00       8.225202431189e+01 
       1.238467967360e+00       8.175108678926e+01 
       1.241696569642e+00       8.125349839520e+01 
       1.244925171938e+00       8.076153465887e+01 
       1.248153774248e+00       8.027276669303e+01 
       1.251382376572e+00       7.978818472139e+01 
       1.254610978910e+00       7.930676644378e+01 
       1.257839581262e+00       7.882994962112e+01 
       1.261068183627e+00       7.835727293211e+01 
       1.264296786006e+00       7.788873947504e+01 
       1.267525388399e+00       7.742472465123e+01 
       1.270753990805e+00       7.696351950280e+01 
       1.273982593224e+00       7.650655582616e+01 
       1.277211195657e+00       7.605312338869e+01 
       1.280439798102e+00       7.560319605396e+01 
       1.283668400560e+00       7.515710336018e+01 
       1.286897003032e+00       7.471470434838e+01 
       1.290125605516e+00       7.427626722889e+01 
       1.293354208013e+00       7.384134150674e+01 
       1.296582810522e+00       7.341006924030e+01 
       1.299811413044e+00       7.298198172465e+01 
       1.303040015578e+00       7.255723610159e+01 
       1.306268618125e+00       7.213585617247e+01 
       1.309497220684e+00       7.171776073622e+01 
       1.312725823255e+00       7.130331510579e+01 
       1.315954425838e+00       7.089230212243e+01 
       1.319183028433e+00       7.048468872978e+01 
       1.322411631039e+00       7.008024065080e+01 
       1.325640233658e+00       6.967886260960e+01 
       1.328868836288e+00       6.928073397798e+01 
       1.332097438930e+00       6.888529988016e+01 
       1.335326041584e+00       6.849335414439e+01 
       1.338554644249e+00       6.810424830383e+01 
       1.341783246925e+00       6.771858586693e+01 
       1.345011849612e+00       6.733614872725e+01 
       1.348240452311e+00       6.695665089825e+01 
