# Matter power spectrum P(k) at redshift z=0
# for k=0.000516752 to 1.34824 h/Mpc,
# number of wavenumbers equal to 759
#    1:k (h/Mpc)              2:P (Mpc/h)^3        
       5.167520445075e-04       1.567368465611e+03 
       5.478166285085e-04       1.883481622636e+03 
       5.807413950731e-04       2.216906674334e+03 
       6.156739722645e-04       2.566863995756e+03 
       6.527672402720e-04       2.932891634412e+03 
       6.921775869584e-04       3.314786596590e+03 
       7.340626311185e-04       3.712543249297e+03 
       7.785783965784e-04       4.126283871509e+03 
       8.258759628926e-04       4.556163168313e+03 
       8.760976737698e-04       5.002370617937e+03 
       9.293730484873e-04       5.465052212007e+03 
       9.858146067559e-04       5.944267392672e+03 
       1.045513872713e-03       6.439961780930e+03 
       1.108537856186e-03       6.951935058405e+03 
       1.174926307521e-03       7.479818663700e+03 
       1.244689999466e-03       8.023068731653e+03 
       1.317810207067e-03       8.580962311461e+03 
       1.394239444853e-03       9.152593782907e+03 
       1.473903397580e-03       9.736918788780e+03 
       1.556703867777e-03       1.033278461889e+04 
       1.642522478881e-03       1.093892845127e+04 
       1.731224828641e-03       1.155402025009e+04 
       1.822664785917e-03       1.217669684625e+04 
       1.916688658561e-03       1.280558894523e+04 
       2.013139018951e-03       1.343934867921e+04 
       2.111858043100e-03       1.407667018838e+04 
       2.212690287289e-03       1.471630788062e+04 
       2.315484884314e-03       1.535708817772e+04 
       2.420097185517e-03       1.599791720846e+04 
       2.526389903890e-03       1.663778604873e+04 
       2.634233829326e-03       1.727577160044e+04 
       2.743508192318e-03       1.791103644709e+04 
       2.854100750179e-03       1.854282740918e+04 
       2.965907663000e-03       1.917046703978e+04 
       3.078833217383e-03       1.979335731491e+04 
       3.192789446026e-03       2.041096184915e+04 
       3.307695681683e-03       2.102281340937e+04 
       3.423478075378e-03       2.162849931819e+04 
       3.540069101325e-03       2.222766434961e+04 
       3.657407064901e-03       2.281999547115e+04 
       3.775435625108e-03       2.340522902377e+04 
       3.894103339109e-03       2.398313463794e+04 
       4.013363233526e-03       2.455352196279e+04 
       4.133172404991e-03       2.511622581506e+04 
       4.253491650890e-03       2.567111482468e+04 
       4.374285130098e-03       2.621807263770e+04 
       4.495520052780e-03       2.675699850879e+04 
       4.617166397826e-03       2.728784572305e+04 
       4.739196656206e-03       2.781060081581e+04 
       4.861585598387e-03       2.832519152338e+04 
       4.984310063898e-03       2.883161467426e+04 
       5.107348771173e-03       2.932985210753e+04 
       5.230682145849e-03       2.981988923089e+04 
       5.354292165806e-03       3.030172713910e+04 
       5.478162221362e-03       3.077542669905e+04 
       5.602276989120e-03       3.124097553501e+04 
       5.726622318144e-03       3.169842752127e+04 
       5.851185127201e-03       3.214780843669e+04 
       5.975953311965e-03       3.258917108277e+04 
       6.100915661177e-03       3.302255901504e+04 
       6.226061780830e-03       3.344801966278e+04 
       6.351382025580e-03       3.386562491670e+04 
       6.476867436637e-03       3.427542336245e+04 
       6.602509685486e-03       3.467747196327e+04 
       6.728301022834e-03       3.507183568110e+04 
       6.854234232271e-03       3.545858468882e+04 
       6.980302588166e-03       3.583778291276e+04 
       7.106499817369e-03       3.620950398990e+04 
       7.232820064357e-03       3.657381434913e+04 
       7.359257859472e-03       3.693077796402e+04 
       7.485808089948e-03       3.728046745743e+04 
       7.612465973473e-03       3.762296128865e+04 
       7.739227034024e-03       3.795833201505e+04 
       7.866087079765e-03       3.828664045722e+04 
       7.993042182815e-03       3.860798216215e+04 
       8.120088660712e-03       3.892241819566e+04 
       8.247223059408e-03       3.923001389949e+04 
       8.374442137662e-03       3.953085185233e+04 
       8.501742852697e-03       3.982501524113e+04 
       8.629122347018e-03       4.011255952776e+04 
       8.756577936269e-03       4.039357737934e+04 
       8.884107098054e-03       4.066812274289e+04 
       9.011707461635e-03       4.093628244144e+04 
       9.139376798416e-03       4.119811023178e+04 
       9.267113013164e-03       4.145368721340e+04 
       9.394914135896e-03       4.170308371685e+04 
       9.522778314375e-03       4.194637237480e+04 
       9.650703807167e-03       4.218361891631e+04 
       9.778688977208e-03       4.241489051554e+04 
       9.906732285847e-03       4.264025168312e+04 
       1.003483228732e-02       4.285977305112e+04 
       1.016298762363e-02       4.307352149919e+04 
       1.029119701977e-02       4.328157560199e+04 
       1.041945927931e-02       4.348397200345e+04 
       1.054777328031e-02       4.368081273875e+04 
       1.067613797146e-02       4.387213737781e+04 
       1.080455236855e-02       4.405801330034e+04 
       1.093301555115e-02       4.423852112522e+04 
       1.106152665953e-02       4.441370356837e+04 
       1.119008489182e-02       4.458363411992e+04 
       1.131868950126e-02       4.474837326583e+04 
       1.144733979380e-02       4.490798653036e+04 
       1.157603512572e-02       4.506252916639e+04 
       1.170477490146e-02       4.521206767052e+04 
       1.183355857164e-02       4.535665798659e+04 
       1.196238563113e-02       4.549636679325e+04 
       1.209125561732e-02       4.563124863498e+04 
       1.222016810846e-02       4.576136518947e+04 
       1.234912272217e-02       4.588677573881e+04 
       1.247811911395e-02       4.600753731428e+04 
       1.260715697590e-02       4.612372240007e+04 
       1.273623603548e-02       4.623536084741e+04 
       1.286535605431e-02       4.634253331612e+04 
       1.299451682714e-02       4.644528245488e+04 
       1.312371818085e-02       4.654366604837e+04 
       1.325295997348e-02       4.663774759353e+04 
       1.338224209338e-02       4.672755682296e+04 
       1.351156445845e-02       4.681315755596e+04 
       1.364092701532e-02       4.689461041257e+04 
       1.377032973874e-02       4.697197323827e+04 
       1.389977263087e-02       4.704526654396e+04 
       1.402925572076e-02       4.711459208653e+04 
       1.415877906376e-02       4.717994323132e+04 
       1.428834274102e-02       4.724140938331e+04 
       1.441794685911e-02       4.729902665887e+04 
       1.454759154951e-02       4.735284292304e+04 
       1.467727696828e-02       4.740290569834e+04 
       1.480700329574e-02       4.744928315524e+04 
       1.493677073611e-02       4.749201260762e+04 
       1.506657951731e-02       4.753111490225e+04 
       1.519642989065e-02       4.756666400302e+04 
       1.532632213066e-02       4.759868728942e+04 
       1.545625653488e-02       4.762726906813e+04 
       1.558623342377e-02       4.765241877357e+04 
       1.571625314048e-02       4.767419738441e+04 
       1.584631605087e-02       4.769263542657e+04 
       1.597642254333e-02       4.770779833143e+04 
       1.610657302880e-02       4.771970783724e+04 
       1.623676794070e-02       4.772839244924e+04 
       1.636700773495e-02       4.773396652221e+04 
       1.649729289000e-02       4.773643171269e+04 
       1.662762390681e-02       4.773578550847e+04 
       1.675800130898e-02       4.773212965714e+04 
       1.688842564281e-02       4.772550104088e+04 
       1.701889747736e-02       4.771592170565e+04 
       1.714941740463e-02       4.770342081117e+04 
       1.727998603968e-02       4.768809036313e+04 
       1.741060402077e-02       4.766993167847e+04 
       1.754127200957e-02       4.764897618319e+04 
       1.767199069133e-02       4.762528630924e+04 
       1.780276077512e-02       4.759892646510e+04 
       1.793358299404e-02       4.756986841124e+04 
       1.806445810552e-02       4.753822796657e+04 
       1.819538689151e-02       4.750397099222e+04 
       1.832637015887e-02       4.746721178827e+04 
       1.845740873958e-02       4.742792270809e+04 
       1.858850349115e-02       4.738616149753e+04 
       1.871965529689e-02       4.734197836150e+04 
       1.885086506634e-02       4.729543962774e+04 
       1.898213373560e-02       4.724653111376e+04 
       1.911346226774e-02       4.719528329380e+04 
       1.924485165324e-02       4.714173149188e+04 
       1.937630291040e-02       4.708597886326e+04 
       1.950781708582e-02       4.702803039421e+04 
       1.963939525484e-02       4.696789360144e+04 
       1.977103852206e-02       4.690564541968e+04 
       1.990274802185e-02       4.684130774596e+04 
       2.003452491889e-02       4.677490340083e+04 
       2.016637040868e-02       4.670644078524e+04 
       2.029828571819e-02       4.663596541722e+04 
       2.043027210639e-02       4.656357418082e+04 
       2.056233086489e-02       4.648927501726e+04 
       2.069446331858e-02       4.641308219890e+04 
       2.082667082630e-02       4.633503308510e+04 
       2.095895478150e-02       4.625511856288e+04 
       2.109131661297e-02       4.617340177011e+04 
       2.122375778555e-02       4.608995784731e+04 
       2.135627980093e-02       4.600479264333e+04 
       2.148888419835e-02       4.591792554770e+04 
       2.162157255550e-02       4.582938145496e+04 
       2.175434648927e-02       4.573926422136e+04 
       2.188720765668e-02       4.564746714866e+04 
       2.202015775570e-02       4.555419730324e+04 
       2.215319852624e-02       4.545928184625e+04 
       2.228633175103e-02       4.536290534249e+04 
       2.241955925662e-02       4.526504190502e+04 
       2.255288291442e-02       4.516574408701e+04 
       2.268630464169e-02       4.506502778787e+04 
       2.281982640262e-02       4.496289584342e+04 
       2.295345020948e-02       4.485941088877e+04 
       2.308717812372e-02       4.475461075745e+04 
       2.322101225714e-02       4.464844927651e+04 
       2.335495477316e-02       4.454103425071e+04 
       2.348900788802e-02       4.443247484378e+04 
       2.362317387211e-02       4.432254236949e+04 
       2.375745505128e-02       4.421142124317e+04 
       2.389185380823e-02       4.409920843031e+04 
       2.402637258396e-02       4.398577755475e+04 
       2.416101387920e-02       4.387133849966e+04 
       2.429578025593e-02       4.375571911611e+04 
       2.443067433897e-02       4.363902784284e+04 
       2.456569881760e-02       4.352125919361e+04 
       2.470085644720e-02       4.340255465060e+04 
       2.483615005099e-02       4.328286992768e+04 
       2.497158252182e-02       4.316218984416e+04 
       2.510715682399e-02       4.304055112988e+04 
       2.524287599519e-02       4.291804498672e+04 
       2.537874314840e-02       4.279462705931e+04 
       2.551476147398e-02       4.267024703614e+04 
       2.565093424176e-02       4.254513910531e+04 
       2.578726480319e-02       4.241912509942e+04 
       2.592375659357e-02       4.229239956567e+04 
       2.606041313443e-02       4.216474795364e+04 
       2.619723803586e-02       4.203640452639e+04 
       2.633423499905e-02       4.190736451184e+04 
       2.647140781883e-02       4.177765580857e+04 
       2.660876038633e-02       4.164719747152e+04 
       2.674629669174e-02       4.151604963442e+04 
       2.688402082718e-02       4.138432084370e+04 
       2.702193698961e-02       4.125193291074e+04 
       2.716004948393e-02       4.111887403687e+04 
       2.729836272614e-02       4.098524559043e+04 
       2.743688124658e-02       4.085110393787e+04 
       2.757560969342e-02       4.071638294468e+04 
       2.771455283611e-02       4.058113358188e+04 
       2.785371556908e-02       4.044543665744e+04 
       2.799310291555e-02       4.030905157212e+04 
       2.813272003144e-02       4.017239770809e+04 
       2.827257220947e-02       4.003523308420e+04 
       2.841266488342e-02       3.989760132851e+04 
       2.855300363254e-02       3.975952047891e+04 
       2.869359418611e-02       3.962106696922e+04 
       2.883444242821e-02       3.948217162300e+04 
       2.897555440270e-02       3.934293755962e+04 
       2.911693631831e-02       3.920340921049e+04 
       2.925859455403e-02       3.906348992968e+04 
       2.940053566466e-02       3.892327009101e+04 
       2.954276638660e-02       3.878270237174e+04 
       2.968529364389e-02       3.864188539741e+04 
       2.982812455446e-02       3.850069107575e+04 
       2.997126643672e-02       3.835929605988e+04 
       3.011472681631e-02       3.821770814712e+04 
       3.025851343327e-02       3.807584712499e+04 
       3.040263424936e-02       3.793372891301e+04 
       3.054709745588e-02       3.779136267895e+04 
       3.069191148164e-02       3.764886487931e+04 
       3.083708500144e-02       3.750620259845e+04 
       3.098262694481e-02       3.736328759175e+04 
       3.112854650519e-02       3.722031943575e+04 
       3.127485314956e-02       3.707715300607e+04 
       3.142155662839e-02       3.693383599772e+04 
       3.156866698619e-02       3.679036069903e+04 
       3.171619457241e-02       3.664689587809e+04 
       3.186415005299e-02       3.650311252851e+04 
       3.201254442231e-02       3.635935999051e+04 
       3.216138901583e-02       3.621567653065e+04 
       3.231069552324e-02       3.607184298809e+04 
       3.246047600231e-02       3.592782133363e+04 
       3.261074289342e-02       3.578373871706e+04 
       3.276150903475e-02       3.563964058091e+04 
       3.291278767826e-02       3.549561769900e+04 
       3.306459250652e-02       3.535148808046e+04 
       3.321693765032e-02       3.520737905593e+04 
       3.336983770721e-02       3.506324101819e+04 
       3.352330776104e-02       3.491905549746e+04 
       3.367736340251e-02       3.477500354057e+04 
       3.383202075074e-02       3.463086525575e+04 
       3.398729647611e-02       3.448665906957e+04 
       3.414320782424e-02       3.434269020203e+04 
       3.429977264135e-02       3.419858849135e+04 
       3.445700940097e-02       3.405451399943e+04 
       3.461493723219e-02       3.391054968440e+04 
       3.477357594950e-02       3.376663325402e+04 
       3.493294608426e-02       3.362273657022e+04 
       3.509306891812e-02       3.347892545743e+04 
       3.525396651832e-02       3.333517009388e+04 
       3.541566177505e-02       3.319140565130e+04 
       3.557817844112e-02       3.304778353222e+04 
       3.574154117398e-02       3.290421877970e+04 
       3.590577558037e-02       3.276071230177e+04 
       3.607090826363e-02       3.261724353271e+04 
       3.623696687415e-02       3.247396414592e+04 
       3.640398016286e-02       3.233063111383e+04 
       3.657197803826e-02       3.218750258281e+04 
       3.674099162718e-02       3.204425865618e+04 
       3.691105333946e-02       3.190127259864e+04 
       3.708219693704e-02       3.175836625129e+04 
       3.725445760771e-02       3.161543740813e+04 
       3.742787204388e-02       3.147268431209e+04 
       3.760247852693e-02       3.132996767402e+04 
       3.777831701738e-02       3.118720529711e+04 
       3.795542925160e-02       3.104476429232e+04 
       3.813385884547e-02       3.090220482315e+04 
       3.831365140575e-02       3.075979568897e+04 
       3.849485464961e-02       3.061738270296e+04 
       3.867751853334e-02       3.047512700353e+04 
       3.886169539085e-02       3.033282402588e+04 
       3.904744008297e-02       3.019072153629e+04 
       3.923481015862e-02       3.004850058504e+04 
       3.942386602878e-02       2.990645673001e+04 
       3.961467115480e-02       2.976433291662e+04 
       3.980729225215e-02       2.962231499555e+04 
       4.000179951144e-02       2.948023070544e+04 
       4.019826683821e-02       2.933818507188e+04 
       4.039677211363e-02       2.919626624235e+04 
       4.059739747821e-02       2.905418989895e+04 
       4.080022964095e-02       2.891207521188e+04 
       4.100536021680e-02       2.877002880207e+04 
       4.121288609538e-02       2.862784581935e+04 
       4.142290984474e-02       2.848567229552e+04 
       4.163554015384e-02       2.834338838399e+04 
       4.185089231848e-02       2.820101977125e+04 
       4.206908877585e-02       2.805858269822e+04 
       4.229025969333e-02       2.791598119471e+04 
       4.251454361849e-02       2.777324363155e+04 
       4.274208819781e-02       2.763033461737e+04 
       4.297305097288e-02       2.748728954363e+04 
       4.320760026430e-02       2.734395476232e+04 
       4.344591615477e-02       2.720045559378e+04 
       4.368819158506e-02       2.705669215842e+04 
       4.393463357821e-02       2.691262706282e+04 
       4.418546461030e-02       2.676823012536e+04 
       4.444092414897e-02       2.662352460130e+04 
       4.470127038427e-02       2.647840493704e+04 
       4.496678218112e-02       2.633289743982e+04 
       4.523776128741e-02       2.618687482694e+04 
       4.551453483818e-02       2.604037641400e+04 
       4.579745820379e-02       2.589331354346e+04 
       4.608691823889e-02       2.574568948887e+04 
       4.638333700032e-02       2.559727241559e+04 
       4.668717601517e-02       2.544823110206e+04 
       4.699894119710e-02       2.529846723179e+04 
       4.731918852922e-02       2.514776684560e+04 
       4.764853065697e-02       2.499623435801e+04 
       4.798764456578e-02       2.484358222457e+04 
       4.833728055739e-02       2.468977132517e+04 
       4.869827278717e-02       2.453479275969e+04 
       4.907155168681e-02       2.437849145497e+04 
       4.945815867341e-02       2.422076664236e+04 
       4.985926364506e-02       2.406136498437e+04 
       5.027618588681e-02       2.390014582428e+04 
       5.071041917029e-02       2.373707114729e+04 
       5.116366203217e-02       2.357174709795e+04 
       5.163785447463e-02       2.340393777127e+04 
       5.213522265879e-02       2.323345247584e+04 
       5.265833357557e-02       2.305983559113e+04 
       5.321016219530e-02       2.288281892600e+04 
       5.379417422846e-02       2.270176857263e+04 
       5.441442837222e-02       2.251622032996e+04 
       5.507570273043e-02       2.232533885918e+04 
       5.578365085150e-02       2.212831672567e+04 
       5.654499322910e-02       2.192399364309e+04 
       5.736774950186e-02       2.171093515069e+04 
       5.826151364575e-02       2.148733039852e+04 
       5.923776661921e-02       2.125066762501e+04 
       6.031020354924e-02       2.099777749707e+04 
       6.149501788892e-02       2.072427180917e+04 
       6.281102206659e-02       2.042456004891e+04 
       6.427938303153e-02       2.009090246307e+04 
       6.592261985865e-02       1.971361152818e+04 
       6.776241751004e-02       1.928046540619e+04 
       6.981594577067e-02       1.877793157024e+04 
       7.209102948614e-02       1.819305408036e+04 
       7.458175928496e-02       1.751749979675e+04 
       7.726713099033e-02       1.675205969017e+04 
       8.011444999506e-02       1.591006245105e+04 
       8.308630573260e-02       1.501698260796e+04 
       8.614758783256e-02       1.410631918810e+04 
       8.926970205547e-02       1.321376933599e+04 
       9.243159685326e-02       1.237158124440e+04 
       9.561881257747e-02       1.160478205971e+04 
       9.882186365469e-02       1.092924028338e+04 
       1.020347088500e-01       1.035172402492e+04 
       1.052535715013e-01       9.870482691986e+03 
       1.084761176480e-01       9.477043129152e+03 
       1.117009149765e-01       9.157824584108e+03 
       1.149270881487e-01       8.895936090425e+03 
       1.181541034701e-01       8.672908966771e+03 
       1.213816359200e-01       8.470392363891e+03 
       1.246094876149e-01       8.271683052939e+03 
       1.278375380211e-01       8.063270819226e+03 
       1.310657136303e-01       7.835663766434e+03 
       1.342939695167e-01       7.584179440982e+03 
       1.375222781304e-01       7.308871308585e+03 
       1.407506224908e-01       7.013874153962e+03 
       1.439789920525e-01       6.706359960174e+03 
       1.472073801948e-01       6.395323743248e+03 
       1.504357826962e-01       6.090242744576e+03 
       1.536641968071e-01       5.799853608867e+03 
       1.568926206863e-01       5.531388217441e+03 
       1.601210530564e-01       5.289883664695e+03 
       1.633494929949e-01       5.078017276583e+03 
       1.665779398055e-01       4.896108317365e+03 
       1.698063929390e-01       4.742394485136e+03 
       1.730348519448e-01       4.613329498826e+03 
       1.762633164406e-01       4.504157184119e+03 
       1.794917860930e-01       4.409382175638e+03 
       1.827202606052e-01       4.323319631901e+03 
       1.859487397091e-01       4.241572620268e+03 
       1.891772231599e-01       4.158573787288e+03 
       1.924057107322e-01       4.070378170978e+03 
       1.956342022175e-01       3.974640505923e+03 
       1.988626974218e-01       3.870535494000e+03 
       2.020911961645e-01       3.758686641719e+03 
       2.053196982768e-01       3.640896476657e+03 
       2.085482036004e-01       3.519804310736e+03 
       2.117767119873e-01       3.398367403551e+03 
       2.150052232983e-01       3.279566674023e+03 
       2.182337374025e-01       3.165961007453e+03 
       2.214622541768e-01       3.059615036519e+03 
       2.246907735054e-01       2.961945093540e+03 
       2.279192952788e-01       2.873715269477e+03 
       2.311478193940e-01       2.795067200527e+03 
       2.343763457534e-01       2.725526954328e+03 
       2.376048742650e-01       2.664116996004e+03 
       2.408334048417e-01       2.609399505719e+03 
       2.440619374009e-01       2.559684901557e+03 
       2.472904718644e-01       2.513171518108e+03 
       2.505190081583e-01       2.468145846344e+03 
       2.537475462122e-01       2.423118107329e+03 
       2.569760859594e-01       2.376983636695e+03 
       2.602046273364e-01       2.329016157641e+03 
       2.634331702829e-01       2.278922630459e+03 
       2.666617147416e-01       2.226767876511e+03 
       2.698902606579e-01       2.172966790770e+03 
       2.731188079798e-01       2.118174105769e+03 
       2.763473566578e-01       2.063228583341e+03 
       2.795759066446e-01       2.009051707377e+03 
       2.828044578952e-01       1.956541906201e+03 
       2.860330103664e-01       1.906468355469e+03 
       2.892615640172e-01       1.859403266435e+03 
       2.924901188084e-01       1.815680328893e+03 
       2.957186747023e-01       1.775345433495e+03 
       2.989472316631e-01       1.738266459062e+03 
       3.021757896564e-01       1.704081851253e+03 
       3.054043486492e-01       1.672359911859e+03 
       3.086329086101e-01       1.642586870458e+03 
       3.118614695087e-01       1.614231769738e+03 
       3.150900313162e-01       1.586763817041e+03 
       3.183185940048e-01       1.559713283841e+03 
       3.215471575477e-01       1.532684326338e+03 
       3.247757219194e-01       1.505397949262e+03 
       3.280042870952e-01       1.477706646303e+03 
       3.312328530516e-01       1.449585276315e+03 
       3.344614197658e-01       1.421154399627e+03 
       3.376899872161e-01       1.392612796993e+03 
       3.409185553813e-01       1.364204717550e+03 
       3.441471242412e-01       1.336203636405e+03 
       3.473756937765e-01       1.308834122790e+03 
       3.506042639684e-01       1.282344259654e+03 
       3.538328347987e-01       1.256886693001e+03 
       3.570614062502e-01       1.232592014431e+03 
       3.602899783060e-01       1.209527028413e+03 
       3.635185509500e-01       1.187683025403e+03 
       3.667471241666e-01       1.166994423353e+03 
       3.699756979406e-01       1.147339767654e+03 
       3.732042722577e-01       1.128552404063e+03 
       3.764328471037e-01       1.110447948893e+03 
       3.796614224651e-01       1.092830628761e+03 
       3.828899983288e-01       1.075555322719e+03 
       3.861185746821e-01       1.058516763521e+03 
       3.893471515129e-01       1.041593221147e+03 
       3.925757288093e-01       1.024780466592e+03 
       3.958043065598e-01       1.008016790443e+03 
       3.990328847535e-01       9.913310118449e+02 
       4.022614633795e-01       9.747506856302e+02 
       4.054900424275e-01       9.583342218906e+02 
       4.087186218875e-01       9.421247251879e+02 
       4.119472017497e-01       9.262262217438e+02 
       4.151757820047e-01       9.106928449709e+02 
       4.184043626435e-01       8.955911277131e+02 
       4.216329436571e-01       8.809545915071e+02 
       4.248615250369e-01       8.667949908058e+02 
       4.280901067747e-01       8.531069804043e+02 
       4.313186888624e-01       8.398720211975e+02 
       4.345472712922e-01       8.270735021726e+02 
       4.377758540564e-01       8.146778946550e+02 
       4.410044371477e-01       8.026507850859e+02 
       4.442330205589e-01       7.909516944724e+02 
       4.474616042831e-01       7.795281321957e+02 
       4.506901883135e-01       7.683330175625e+02 
       4.539187726437e-01       7.573239059884e+02 
       4.571473572671e-01       7.464504961919e+02 
       4.603759421776e-01       7.357100633895e+02 
       4.636045273692e-01       7.250886765481e+02 
       4.668331128360e-01       7.145906941535e+02 
       4.700616985724e-01       7.042250090053e+02 
       4.732902845728e-01       6.940028880310e+02 
       4.765188708319e-01       6.839356107879e+02 
       4.797474573443e-01       6.740393408923e+02 
       4.829760441050e-01       6.643309942679e+02 
       4.862046311091e-01       6.548318717810e+02 
       4.894332183516e-01       6.455546796157e+02 
       4.926618058279e-01       6.365117372754e+02 
       4.958903935335e-01       6.277127722573e+02 
       4.991189814638e-01       6.191479727038e+02 
       5.023475696145e-01       6.108019204477e+02 
       5.055761579813e-01       6.026483273598e+02 
       5.088047465602e-01       5.946764328266e+02 
       5.120333353471e-01       5.868655633583e+02 
       5.152619243381e-01       5.792002907415e+02 
       5.184905135294e-01       5.716697310492e+02 
       5.217191029172e-01       5.642570609985e+02 
       5.249476924979e-01       5.569568924036e+02 
       5.281762822680e-01       5.497584046617e+02 
       5.314048722239e-01       5.426532539763e+02 
       5.346334623624e-01       5.356451638321e+02 
       5.378620526801e-01       5.287369792861e+02 
       5.410906431737e-01       5.219352893783e+02 
       5.443192338403e-01       5.152502120306e+02 
       5.475478246766e-01       5.086880086282e+02 
       5.507764156797e-01       5.022467779301e+02 
       5.540050068467e-01       4.959270681462e+02 
       5.572335981747e-01       4.897283278575e+02 
       5.604621896609e-01       4.836497029690e+02 
       5.636907813027e-01       4.776848373262e+02 
       5.669193730972e-01       4.718383967241e+02 
       5.701479650420e-01       4.661064813262e+02 
       5.733765571345e-01       4.604856090358e+02 
       5.766051493722e-01       4.549688493444e+02 
       5.798337417526e-01       4.495465769226e+02 
       5.830623342735e-01       4.442128188149e+02 
       5.862909269324e-01       4.389617570289e+02 
       5.895195197270e-01       4.337920534573e+02 
       5.927481126553e-01       4.286998297683e+02 
       5.959767057149e-01       4.236878341183e+02 
       5.992052989038e-01       4.187513575131e+02 
       6.024338922199e-01       4.138888627006e+02 
       6.056624856610e-01       4.090996120405e+02 
       6.088910792254e-01       4.043792893954e+02 
       6.121196729109e-01       3.997276938600e+02 
       6.153482667157e-01       3.951472874533e+02 
       6.185768606378e-01       3.906395972894e+02 
       6.218054546756e-01       3.862105942376e+02 
       6.250340488271e-01       3.818563012789e+02 
       6.282626430906e-01       3.775765424144e+02 
       6.314912374645e-01       3.733680201899e+02 
       6.347198319469e-01       3.692299903862e+02 
       6.379484265362e-01       3.651546391468e+02 
       6.411770212309e-01       3.611441878856e+02 
       6.444056160294e-01       3.571975562730e+02 
       6.476342109300e-01       3.533141188605e+02 
       6.508628059313e-01       3.494920761945e+02 
       6.540914010318e-01       3.457277308107e+02 
       6.573199962299e-01       3.420175651485e+02 
       6.605485915244e-01       3.383591938459e+02 
       6.637771869137e-01       3.347509583089e+02 
       6.670057823964e-01       3.311929419246e+02 
       6.702343779713e-01       3.276865240131e+02 
       6.734629736370e-01       3.242316501375e+02 
       6.766915693922e-01       3.208282625551e+02 
       6.799201652356e-01       3.174754205484e+02 
       6.831487611659e-01       3.141700931128e+02 
       6.863773571820e-01       3.109108612427e+02 
       6.896059532826e-01       3.076980987297e+02 
       6.928345494666e-01       3.045312556588e+02 
       6.960631457327e-01       3.014117021660e+02 
       6.992917420799e-01       2.983398914252e+02 
       7.025203385070e-01       2.953140682420e+02 
       7.057489350129e-01       2.923329040282e+02 
       7.089775315965e-01       2.893944079470e+02 
       7.122061282569e-01       2.864957201113e+02 
       7.154347249928e-01       2.836365702593e+02 
       7.186633218034e-01       2.808161660846e+02 
       7.218919186876e-01       2.780357938159e+02 
       7.251205156444e-01       2.752947617481e+02 
       7.283491126729e-01       2.725921105917e+02 
       7.315777097721e-01       2.699259341259e+02 
       7.348063069411e-01       2.672952720784e+02 
       7.380349041789e-01       2.646980955479e+02 
       7.412635014847e-01       2.621345387495e+02 
       7.444920988575e-01       2.596044800896e+02 
       7.477206962966e-01       2.571091860321e+02 
       7.509492938010e-01       2.546485438501e+02 
       7.541778913699e-01       2.522221281017e+02 
       7.574064890024e-01       2.498284582187e+02 
       7.606350866979e-01       2.474662888337e+02 
       7.638636844554e-01       2.451344786345e+02 
       7.670922822741e-01       2.428312859050e+02 
       7.703208801534e-01       2.405592277453e+02 
       7.735494780925e-01       2.383172019495e+02 
       7.767780760905e-01       2.361055140266e+02 
       7.800066741468e-01       2.339237450295e+02 
       7.832352722606e-01       2.317702894749e+02 
       7.864638704313e-01       2.296436917042e+02 
       7.896924686581e-01       2.275422361400e+02 
       7.929210669404e-01       2.254675562504e+02 
       7.961496652775e-01       2.234187984361e+02 
       7.993782636686e-01       2.213960096264e+02 
       8.026068621132e-01       2.194001120340e+02 
       8.058354606106e-01       2.174294019731e+02 
       8.090640591602e-01       2.154843128363e+02 
       8.122926577614e-01       2.135624197987e+02 
       8.155212564135e-01       2.116631284214e+02 
       8.187498551159e-01       2.097864652769e+02 
       8.219784538680e-01       2.079323443864e+02 
       8.252070526694e-01       2.061026372739e+02 
       8.284356515193e-01       2.042953230923e+02 
       8.316642504172e-01       2.025117246666e+02 
       8.348928493626e-01       2.007496867371e+02 
       8.381214483548e-01       1.990083561274e+02 
       8.413500473935e-01       1.972872985902e+02 
       8.445786464780e-01       1.955861708343e+02 
       8.478072456077e-01       1.939054466299e+02 
       8.510358447823e-01       1.922455098650e+02 
       8.542644440012e-01       1.906059965017e+02 
       8.574930432638e-01       1.889864944734e+02 
       8.607216425698e-01       1.873866470215e+02 
       8.639502419185e-01       1.858044285754e+02 
       8.671788413095e-01       1.842403148670e+02 
       8.704074407424e-01       1.826937622685e+02 
       8.736360402167e-01       1.811651440846e+02 
       8.768646397320e-01       1.796549499186e+02 
       8.800932392877e-01       1.781630455473e+02 
       8.833218388834e-01       1.766888357289e+02 
       8.865504385187e-01       1.752314685988e+02 
       8.897790381932e-01       1.737905787912e+02 
       8.930076379064e-01       1.723652830592e+02 
       8.962362376580e-01       1.709558764135e+02 
       8.994648374474e-01       1.695623698278e+02 
       9.026934372743e-01       1.681852246907e+02 
       9.059220371384e-01       1.668246156371e+02 
       9.091506370391e-01       1.654797709505e+02 
       9.123792369762e-01       1.641498867918e+02 
       9.156078369491e-01       1.628343118727e+02 
       9.188364369576e-01       1.615331122943e+02 
       9.220650370013e-01       1.602455104013e+02 
       9.252936370798e-01       1.589726023238e+02 
       9.285222371927e-01       1.577141100795e+02 
       9.317508373397e-01       1.564693528788e+02 
       9.349794375205e-01       1.552401432905e+02 
       9.382080377346e-01       1.540232687251e+02 
       9.414366379817e-01       1.528196268320e+02 
       9.446652382615e-01       1.516289048353e+02 
       9.478938385737e-01       1.504495357928e+02 
       9.511224389180e-01       1.492840666257e+02 
       9.543510392939e-01       1.481311582862e+02 
       9.575796397012e-01       1.469910948679e+02 
       9.608082401396e-01       1.458637939372e+02 
       9.640368406087e-01       1.447481014758e+02 
       9.672654411083e-01       1.436434444106e+02 
       9.704940416380e-01       1.425507360563e+02 
       9.737226421975e-01       1.414690859411e+02 
       9.769512427866e-01       1.403989028446e+02 
       9.801798434050e-01       1.393409180688e+02 
       9.834084440523e-01       1.382940866532e+02 
       9.866370447283e-01       1.372583381350e+02 
       9.898656454327e-01       1.362337165167e+02 
       9.930942461652e-01       1.352188644337e+02 
       9.963228469255e-01       1.342144570325e+02 
       9.995514477134e-01       1.332198070767e+02 
       1.002780048529e+00       1.322354664329e+02 
       1.006008649371e+00       1.312619266288e+02 
       1.009237250240e+00       1.302988107250e+02 
       1.012465851136e+00       1.293455059968e+02 
       1.015694452057e+00       1.284018642794e+02 
       1.018923053005e+00       1.274674562800e+02 
       1.022151653979e+00       1.265419370420e+02 
       1.025380254978e+00       1.256255794199e+02 
       1.028608856003e+00       1.247185194790e+02 
       1.031837457052e+00       1.238209763832e+02 
       1.035066058127e+00       1.229328331360e+02 
       1.038294659226e+00       1.220538222128e+02 
       1.041523260349e+00       1.211832296034e+02 
       1.044751861496e+00       1.203208800611e+02 
       1.047980462668e+00       1.194668072339e+02 
       1.051209063863e+00       1.186208263612e+02 
       1.054437665081e+00       1.177833398350e+02 
       1.057666266323e+00       1.169544939460e+02 
       1.060894867588e+00       1.161341455178e+02 
       1.064123468876e+00       1.153218825775e+02 
       1.067352070186e+00       1.145172294961e+02 
       1.070580671519e+00       1.137199063198e+02 
       1.073809272873e+00       1.129300626575e+02 
       1.077037874250e+00       1.121478591175e+02 
       1.080266475649e+00       1.113730354393e+02 
       1.083495077070e+00       1.106064341549e+02 
       1.086723678511e+00       1.098472606689e+02 
       1.089952279974e+00       1.090955018971e+02 
       1.093180881458e+00       1.083506779635e+02 
       1.096409482963e+00       1.076126027105e+02 
       1.099638084489e+00       1.068810711797e+02 
       1.102866686035e+00       1.061565067228e+02 
       1.106095287602e+00       1.054388512823e+02 
       1.109323889188e+00       1.047283721127e+02 
       1.112552490795e+00       1.040246883485e+02 
       1.115781092421e+00       1.033276875983e+02 
       1.119009694067e+00       1.026372556363e+02 
       1.122238295733e+00       1.019525979663e+02 
       1.125466897418e+00       1.012740355310e+02 
       1.128695499121e+00       1.006017590872e+02 
       1.131924100844e+00       9.993584701822e+01 
       1.135152702586e+00       9.927636212356e+01 
       1.138381304346e+00       9.862316009043e+01 
       1.141609906125e+00       9.797580764413e+01 
       1.144838507922e+00       9.733458480556e+01 
       1.148067109737e+00       9.669900221971e+01 
       1.151295711570e+00       9.606843767599e+01 
       1.154524313421e+00       9.544381966850e+01 
       1.157752915290e+00       9.482497821249e+01 
       1.160981517177e+00       9.421177580007e+01 
       1.164210119080e+00       9.360460867721e+01 
       1.167438721001e+00       9.300289453300e+01 
       1.170667322940e+00       9.240624966217e+01 
       1.173895924895e+00       9.181456454600e+01 
       1.177124526867e+00       9.122813344537e+01 
       1.180353128855e+00       9.064688115062e+01 
       1.183581730861e+00       9.007091696567e+01 
       1.186810332882e+00       8.950016511684e+01 
       1.190038934920e+00       8.893474993304e+01 
       1.193267536975e+00       8.837435040099e+01 
       1.196496139045e+00       8.781857702928e+01 
       1.199724741131e+00       8.726761731656e+01 
       1.202953343233e+00       8.672111107082e+01 
       1.206181945350e+00       8.617925193411e+01 
       1.209410547483e+00       8.564244726894e+01 
       1.212639149632e+00       8.511039631871e+01 
       1.215867751796e+00       8.458314695306e+01 
       1.219096353975e+00       8.406052601931e+01 
       1.222324956169e+00       8.354219389485e+01 
       1.225553558378e+00       8.302862586308e+01 
       1.228782160601e+00       8.251843936811e+01 
       1.232010762840e+00       8.201294778177e+01 
       1.235239365093e+00       8.151170696872e+01 
       1.238467967360e+00       8.101527556876e+01 
       1.241696569642e+00       8.052216348683e+01 
       1.244925171938e+00       8.003462577915e+01 
       1.248153774248e+00       7.955025489783e+01 
       1.251382376572e+00       7.907003218643e+01 
       1.254610978910e+00       7.859294467475e+01 
       1.257839581262e+00       7.812041755376e+01 
       1.261068183627e+00       7.765199355294e+01 
       1.264296786006e+00       7.718767512460e+01 
       1.267525388399e+00       7.672783444782e+01 
       1.270753990805e+00       7.627077871244e+01 
       1.273982593224e+00       7.581792629959e+01 
       1.277211195657e+00       7.536857328937e+01 
       1.280439798102e+00       7.492269367045e+01 
       1.283668400560e+00       7.448061410913e+01 
       1.286897003032e+00       7.404219538841e+01 
       1.290125605516e+00       7.360770308983e+01 
       1.293354208013e+00       7.317669011774e+01 
       1.296582810522e+00       7.274929774710e+01 
       1.299811413044e+00       7.232506176810e+01 
       1.303040015578e+00       7.190413782708e+01 
       1.306268618125e+00       7.148654909230e+01 
       1.309497220684e+00       7.107221510094e+01 
       1.312725823255e+00       7.066149819158e+01 
       1.315954425838e+00       7.025418333091e+01 
       1.319183028433e+00       6.985023748666e+01 
       1.322411631039e+00       6.944942821309e+01 
       1.325640233658e+00       6.905166128899e+01 
       1.328868836288e+00       6.865711480718e+01 
       1.332097438930e+00       6.826523881175e+01 
       1.335326041584e+00       6.787681960891e+01 
       1.338554644249e+00       6.749121449591e+01 
       1.341783246925e+00       6.710902203813e+01 
       1.345011849612e+00       6.673002609654e+01 
       1.348240452311e+00       6.635394289710e+01 
