x,y
2,1015.994535
3962.6178896
4911.859558
5873.9226709
6847.8565987
7831.1102829
8821.376815
9816.8768458
10816.2913631
11818.6728402
12823.3326131
13829.786742
14837.6783562
15846.7556419
16856.8236426
17867.727625
18879.2966479
19891.6021113
20904.3871944
21917.6805349
22931.3775692
23945.5064356
24959.9800394
25974.7968374
26989.8846232
27,1005.30974
28,1021.061108
29,1037.023528
30,1053.234473
31,1069.701939
32,1086.367209
33,1103.252349
34,1120.349778
35,1137.610994
36,1155.071116
37,1172.756223
38,1190.643386
39,1208.684295
40,1226.89916
41,1245.305667
42,1263.889429
43,1282.621504
44,1301.525251
45,1320.624795
46,1339.924137
47,1359.405191
48,1379.04155
49,1398.848916
50,1418.845523
51,1439.036522
52,1459.412829
53,1479.960564
54,1500.694911
55,1521.632944
56,1542.783097
57,1564.144448
58,1585.70601
59,1607.454219
60,1629.399076
61,1651.552831
62,1673.921881
63,1696.506335
64,1719.299582
65,1742.293732
66,1765.498262
67,1788.924551
68,1812.580092
69,1836.468218
70,1860.58783
71,1884.933131
72,1909.497743
73,1934.288586
74,1959.314187
75,1984.580362
76,2010.090039
77,2035.843097
78,2061.836189
79,2088.062576
80,2114.515493
81,2141.19931
82,2168.120007
83,2195.281708
84,2222.686574
85,2250.334698
86,2278.224006
87,2306.350143
88,2334.706378
89,2363.286124
90,2392.091208
91,2421.12471
92,2450.388387
93,2479.88261
94,2509.606295
95,2539.55684
96,2569.73006
97,2600.120121
98,2630.719476
99,2661.520766
100,2692.522962
101,2723.72598
102,2755.128744
103,2786.729155
104,2818.524038
105,2850.509113
106,2882.678944
107,2915.026903
108,2947.545128
109,2980.224481
110,3013.056131
111,3046.036618
112,3079.163367
113,3112.433091
114,3145.841768
115,3179.384617
116,3213.056071
117,3246.849753
118,3280.758452
119,3314.774093
120,3348.887716
121,3383.089452
122,3417.368492
123,3451.714363
124,3486.120965
125,3520.582949
126,3555.094447
127,3589.649064
128,3624.239855
129,3658.859312
130,3693.499351
131,3728.151297
132,3762.805866
133,3797.453153
134,3832.082616
135,3866.68306
136,3901.242622
137,3935.749817
138,3970.196816
139,4004.57648
140,4038.881321
141,4073.103497
142,4107.234802
143,4141.266657
144,4175.190102
145,4208.99579
146,4242.673976
147,4276.21451
148,4309.606826
149,4342.83994
150,4375.902435
151,4408.782455
152,4441.467698
153,4473.94631
154,4506.209679
155,4538.249885
156,4570.058819
157,4601.628176
158,4632.949455
159,4664.013953
160,4694.812759
161,4725.336757
162,4755.576616
163,4785.522789
164,4815.165508
165,4844.494783
166,4873.500394
167,4902.171892
168,4930.498591
169,4958.469569
170,4986.073658
171,5013.300182
172,5040.14122
173,5066.589525
174,5092.6378
175,5118.278705
176,5143.504847
177,5168.308787
178,5192.683035
179,5216.620052
180,5240.112246
181,5263.151975
182,5285.731543
183,5307.843203
184,5329.47915
185,5350.631529
186,5371.292426
187,5391.453873
188,5411.107845
189,5430.246258
190,5448.860972
191,5466.944326
192,5484.490804
193,5501.495493
194,5517.95356
195,5533.860247
196,5549.210877
197,5564.000852
198,5578.225655
199,5591.880854
200,5604.962097
201,5617.465119
202,5629.385737
203,5640.71986
204,5651.463478
205,5661.612676
206,5671.163623
207,5680.112584
208,5688.45591
209,5696.190051
210,5703.311546
211,5709.817031
212,5715.703239
213,5720.967299
214,5725.607674
215,5729.623288
216,5733.013236
217,5735.776784
218,5737.913371
219,5739.422612
220,5740.304296
221,5740.558394
222,5740.185056
223,5739.184614
224,5737.557585
225,5735.304672
226,5732.426766
227,5728.924947
228,5724.800488
229,5720.054854
230,5714.689706
231,5708.706903
232,5702.108501
233,5694.89676
234,5687.074139
235,5678.643304
236,5669.607128
237,5659.968689
238,5649.731246
239,5638.898125
240,5627.47283
241,5615.459072
242,5602.860771
243,5589.682062
244,5575.927291
245,5561.601023
246,5546.708038
247,5531.253336
248,5515.242139
249,5498.679891
250,5481.572261
251,5463.925145
252,5445.744666
253,5427.037178
254,5407.809266
255,5388.06775
256,5367.819683
257,5347.072358
258,5325.833305
259,5304.110294
260,5281.911339
261,5259.244698
262,5236.118875
263,5212.542622
264,5188.524939
265,5164.075079
266,5139.202117
267,5113.913642
268,5088.216995
269,5062.1197
270,5035.629459
271,5008.75416
272,4981.501869
273,4953.880841
274,4925.899514
275,4897.566511
276,4868.890644
277,4839.880913
278,4810.546508
279,4780.896808
280,4750.941385
281,4720.690002
282,4690.152617
283,4659.339382
284,4628.260644
285,4596.926949
286,4565.349038
287,4533.537852
288,4501.504533
289,4469.260423
290,4436.817066
291,4404.186209
292,4371.379802
293,4338.410003
294,4305.289175
295,4272.029886
296,4238.644916
297,4205.146481
298,4171.543888
299,4137.84577
300,4104.060847
301,4070.197923
302,4036.265893
303,4002.273735
304,3968.230516
305,3934.145389
306,3900.027592
307,3865.886451
308,3831.73138
309,3797.571877
310,3763.417529
311,3729.278009
312,3695.163075
313,3661.082574
314,3627.046439
315,3593.064689
316,3559.147431
317,3525.304857
318,3491.547249
319,3457.884971
320,3424.328477
321,3390.888308
322,3357.57509
323,3324.399537
324,3291.372449
325,3258.504714
326,3225.807305
327,3193.291283
328,3160.967797
329,3128.84808
330,3096.943455
331,3065.265328
332,3033.824317
333,3002.62757
334,2971.681326
335,2940.991784
336,2910.5651
337,2880.407386
338,2850.52471
339,2820.923096
340,2791.60852
341,2762.586913
342,2733.864155
343,2705.44608
344,2677.33847
345,2649.547057
346,2622.077521
347,2594.93549
348,2568.126535
349,2541.656178
350,2515.52988
351,2489.753047
352,2464.33103
353,2439.269119
354,2414.572544
355,2390.246478
356,2366.296028
357,2342.726242
358,2319.542105
359,2296.748536
360,2274.350391
361,2252.352457
362,2230.759457
363,2209.576044
364,2188.806805
365,2168.456252
366,2148.528833
367,2129.028918
368,2109.960808
369,2091.32873
370,2073.136835
371,2055.388744
372,2038.086158
373,2021.230191
374,2004.821818
375,1988.861876
376,1973.35106
377,1958.289926
378,1943.678882
379,1929.518196
380,1915.807989
381,1902.548232
382,1889.738751
383,1877.37922
384,1865.469162
385,1854.007948
386,1842.994795
387,1832.428763
388,1822.308758
389,1812.633527
390,1803.401656
391,1794.611572
392,1786.26154
393,1778.349661
394,1770.873873
395,1763.831944
396,1757.221479
397,1751.039913
398,1745.284508
399,1739.952359
400,1735.040385
401,1730.545333
402,1726.463773
403,1722.792099
404,1719.526528
405,1716.663094
406,1714.197654
407,1712.12588
408,1710.443264
409,1709.145109
410,1708.226535
411,1707.682798
412,1707.510278
413,1707.705525
414,1708.264935
415,1709.18475
416,1710.461057
417,1712.089787
418,1714.066711
419,1716.387443
420,1719.047436
421,1722.041984
422,1725.366216
423,1729.015099
424,1732.983437
425,1737.265866
426,1741.856857
427,1746.750713
428,1751.941568
429,1757.423386
430,1763.189961
431,1769.234912
432,1775.551688
433,1782.133562
434,1788.973631
435,1796.064817
436,1803.399863
437,1810.971334
438,1818.771614
439,1826.792907
440,1835.027234
441,1843.466433
442,1852.102157
443,1860.925876
444,1869.928871
445,1879.102235
446,1888.436873
447,1897.923501
448,1907.552642
449,1917.314628
450,1927.199598
451,1937.19844
452,1947.305662
453,1957.516611
454,1967.826537
455,1978.230595
456,1988.72384
457,1999.301233
458,2009.957632
459,2020.687798
460,2031.486392
461,2042.347975
462,2053.267006
463,2064.237845
464,2075.254747
465,2086.311866
466,2097.403254
467,2108.522858
468,2119.664521
469,2130.821981
470,2141.988871
471,2153.15872
472,2164.324947
473,2175.480866
474,2186.619685
475,2197.734502
476,2208.818306
477,2219.863978
478,2230.864288
479,2241.811899
480,2252.699358
481,2263.519106
482,2274.263468
483,2284.924657
484,2295.494776
485,2305.965811
486,2316.329636
487,2326.578009
488,2336.702572
489,2346.694854
490,2356.546264
491,2366.249182
492,2375.80024
493,2385.197135
494,2394.437551
495,2403.51916
496,2412.439625
497,2421.196593
498,2429.787701
499,2438.210576
500,2446.462828
501,2454.542061
502,2462.445862
503,2470.171809
504,2477.717467
505,2485.080388
506,2492.258114
507,2499.248173
508,2506.048083
509,2512.655347
510,2519.067459
511,2525.281897
512,2531.296132
513,2537.107617
514,2542.713798
515,2548.112106
516,2553.299959
517,2558.274766
518,2563.03392
519,2567.574804
520,2571.894788
521,2575.991231
522,2579.861477
523,2583.502859
524,2586.912699
525,2590.088305
526,2593.026973
527,2595.725985
528,2598.182614
529,2600.394118
530,2602.357743
531,2604.071407
532,2605.535775
533,2606.75224
534,2607.722244
535,2608.44728
536,2608.928893
537,2609.168675
538,2609.168271
539,2608.929377
540,2608.453741
541,2607.74316
542,2606.799485
543,2605.62462
544,2604.22052
545,2602.589192
546,2600.732699
547,2598.653154
548,2596.352726
549,2593.833636
550,2591.09816
551,2588.14863
552,2584.987429
553,2581.616999
554,2578.039833
555,2574.258483
556,2570.275556
557,2566.093713
558,2561.715675
559,2557.144215
560,2552.382167
561,2547.432419
562,2542.29792
563,2536.981672
564,2531.486739
565,2525.816241
566,2519.973358
567,2513.961327
568,2507.783446
569,2501.443071
570,2494.943617
571,2488.288574
572,2481.481548
573,2474.526216
574,2467.426321
575,2460.185667
576,2452.808119
577,2445.297606
578,2437.65812
579,2429.893716
580,2422.008511
581,2414.006688
582,2405.892494
583,2397.67024
584,2389.344299
585,2380.919113
586,2372.399187
587,2363.789092
588,2355.093464
589,2346.317006
590,2337.464487
591,2328.540742
592,2319.550674
593,2310.499252
594,2301.391514
595,2292.232564
596,2283.027574
597,2273.781786
598,2264.500509
599,2255.189121
600,2245.853069
601,2236.497871
602,2227.129112
603,2217.752449
604,2208.373608
605,2198.998388
606,2189.632654
607,2180.282346
608,2170.953475
609,2161.652121
610,2152.38444
611,2143.156125
612,2133.970808
613,2124.831624
614,2115.741741
615,2106.704354
616,2097.722693
617,2088.800017
618,2079.93962
619,2071.144823
620,2062.418982
621,2053.765483
622,2045.187746
623,2036.689221
624,2028.273391
625,2019.943771
626,2011.70391
627,2003.557386
628,1995.507814
629,1987.558838
630,1979.714137
631,1971.977421
632,1964.352435
633,1956.842957
634,1949.452797
635,1942.185798
636,1935.045839
637,1928.03683
638,1921.162715
639,1914.427474
640,1907.835119
641,1901.389696
642,1895.095286
643,1888.956003
644,1882.975996
645,1877.159449
646,1871.51058
647,1866.033641
648,1860.732921
649,1855.612741
650,1850.677458
651,1845.9308
652,1841.373851
653,1837.007019
654,1832.830698
655,1828.84527
656,1825.051101
657,1821.448544
658,1818.037936
659,1814.819602
660,1811.793851
661,1808.960979
662,1806.321265
663,1803.874976
664,1801.622363
665,1799.563662
666,1797.699096
667,1796.028869
668,1794.553174
669,1793.272188
670,1792.186072
671,1791.294971
672,1790.599017
673,1790.098324
674,1789.792992
675,1789.683106
676,1789.768734
677,1790.049929
678,1790.526727
679,1791.199149
680,1792.067202
681,1793.130873
682,1794.390135
683,1795.844946
684,1797.495245
685,1799.340956
686,1801.381987
687,1803.618229
688,1806.049555
689,1808.675825
690,1811.496878
691,1814.51217
692,1817.719658
693,1821.116889
694,1824.701369
695,1828.470559
696,1832.421878
697,1836.552702
698,1840.860362
699,1845.342146
700,1849.9953
701,1854.817023
702,1859.804472
703,1864.954759
704,1870.26495
705,1875.732068
706,1881.353092
707,1887.124954
708,1893.04454
709,1899.108694
710,1905.314212
711,1911.657845
712,1918.136296
713,1924.746226
714,1931.484246
715,1938.346923
716,1945.330776
717,1952.432278
718,1959.647854
719,1966.973884
720,1974.406698
721,1981.94258
722,1989.577768
723,1997.308448
724,2005.130762
725,2013.040802
726,2021.034612
727,2029.108187
728,2037.257475
729,2045.478373
730,2053.76673
731,2062.118471
732,2070.529974
733,2078.997696
734,2087.518058
735,2096.087434
736,2104.702161
737,2113.358531
738,2122.052794
739,2130.78116
740,2139.539795
741,2148.324823
742,2157.132325
743,2165.958339
744,2174.798862
745,2183.649845
746,2192.507198
747,2201.366787
748,2210.224435
749,2219.07592
750,2227.916978
751,2236.743299
752,2245.550532
753,2254.334278
754,2263.090097
755,2271.813503
756,2280.499964
757,2289.144907
758,2297.74371
759,2306.291709
760,2314.784192
761,2323.216404
762,2331.583544
763,2339.880764
764,2348.103172
765,2356.245829
766,2364.303751
767,2372.271906
768,2380.145216
769,2387.918559
770,2395.586763
771,2403.14511
772,2410.590841
773,2417.921677
774,2425.135323
775,2432.229468
776,2439.201784
777,2446.04993
778,2452.771544
779,2459.364252
780,2465.825661
781,2472.153363
782,2478.344933
783,2484.397931
784,2490.309899
785,2496.078362
786,2501.70083
787,2507.174796
788,2512.497735
789,2517.667108
790,2522.680357
791,2527.534909
792,2532.228171
793,2536.757537
794,2541.120382
795,2545.314065
796,2549.335927
797,2553.183292
798,2556.853468
799,2560.343745
800,2563.651397
801,2566.773679
802,2569.70783
803,2572.451071
804,2575.000607
805,2577.353624
806,2579.507291
807,2581.458761
808,2583.205167
809,2584.743627
810,2586.07124
811,2587.185627
812,2588.086564
813,2588.77438
814,2589.249415
815,2589.512028
816,2589.562588
817,2589.401481
818,2589.029108
819,2588.445883
820,2587.652235
821,2586.648608
822,2585.435462
823,2584.01327
824,2582.382521
825,2580.543719
826,2578.497381
827,2576.244042
828,2573.78425
829,2571.11857
830,2568.24758
831,2565.171876
832,2561.892066
833,2558.408776
834,2554.722647
835,2550.834335
836,2546.744512
837,2542.453865
838,2537.963096
839,2533.272926
840,2528.384087
841,2523.297331
842,2518.013424
843,2512.533148
844,2506.857301
845,2500.986697
846,2494.922167
847,2488.664557
848,2482.21473
849,2475.573565
850,2468.741957
851,2461.721083
852,2454.513201
853,2447.120863
854,2439.546654
855,2431.79319
856,2423.863118
857,2415.759119
858,2407.483904
859,2399.040217
860,2390.430833
861,2381.65856
862,2372.72624
863,2363.636744
864,2354.392979
865,2344.997882
866,2335.454423
867,2325.765607
868,2315.934471
869,2305.964082
870,2295.857546
871,2285.617996
872,2275.248603
873,2264.752569
874,2254.13313
875,2243.393557
876,2232.537153
877,2221.567255
878,2210.487234
879,2199.300497
880,2188.010482
881,2176.620663
882,2165.134548
883,2153.555679
884,2141.887634
885,2130.134025
886,2118.298496
887,2106.38473
888,2094.396442
889,2082.337384
890,2070.211341
891,2058.022002
892,2045.772556
893,2033.466085
894,2021.105704
895,2008.694551
896,1996.235798
897,1983.732641
898,1971.188307
899,1958.606051
900,1945.989157
901,1933.340938
902,1920.664735
903,1907.96392
904,1895.241891
905,1882.502077
906,1869.747938
907,1856.982961
908,1844.210661
909,1831.434587
910,1818.658313
911,1805.885446
912,1793.11962
913,1780.364502
914,1767.623785
915,1754.901195
916,1742.200487
917,1729.525446
918,1716.879888
919,1704.267657
920,1691.69263
921,1679.158714
922,1666.669844
923,1654.229989
924,1641.843147
925,1629.513346
926,1617.244646
927,1605.041138
928,1592.906944
929,1580.846215
930,1568.863136
931,1556.961513
932,1545.14354
933,1533.411015
934,1521.765744
935,1510.209547
936,1498.744251
937,1487.371694
938,1476.093726
939,1464.912207
940,1453.829006
941,1442.846003
942,1431.965088
943,1421.188164
944,1410.517142
945,1399.953944
946,1389.500504
947,1379.158763
948,1368.930676
949,1358.818209
950,1348.823335
951,1338.948042
952,1329.194325
953,1319.564191
954,1310.05966
955,1300.682759
956,1291.435528
957,1282.320018
958,1273.338289
959,1264.492414
960,1255.784475
961,1247.216566
962,1238.790792
963,1230.509269
964,1222.374122
965,1214.38749
966,1206.551521
967,1198.868374
968,1191.34022
969,1183.969241
970,1176.757629
971,1169.707168
972,1162.81797
973,1156.089716
974,1149.52208
975,1143.114726
976,1136.867308
977,1130.779469
978,1124.850844
979,1119.081059
980,1113.469727
981,1108.016453
982,1102.720833
983,1097.582451
984,1092.600884
985,1087.775695
986,1083.10644
987,1078.592665
988,1074.233903
989,1070.029681
990,1065.979513
991,1062.082904
992,1058.339347
993,1054.748328
994,1051.309319
995,1048.021786
996,1044.88518
997,1041.898945
998,1039.062514
999,1036.375308
1000,1033.83674
1001,1031.446209
1002,1029.203108
1003,1027.106817
1004,1025.156703
1005,1023.352128
1006,1021.692439
1007,1020.176973
1008,1018.805058
1009,1017.576009
1010,1016.489133
1011,1015.543528
1012,1014.737498
1013,1014.06913
1014,1013.536494
1015,1013.137636
1016,1012.870584
1017,1012.733346
1018,1012.723909
1019,1012.840238
1020,1013.080279
1021,1013.441958
1022,1013.923179
1023,1014.521825
1024,1015.235761
1025,1016.062828
1026,1017.000848
1027,1018.047621
1028,1019.200927
1029,1020.458524
1030,1021.818151
1031,1023.277523
1032,1024.834335
1033,1026.486262
1034,1028.230956
1035,1030.066049
1036,1031.989151
1037,1033.997849
1038,1036.089712
1039,1038.262284
1040,1040.513089
1041,1042.839631
1042,1045.239388
1043,1047.709819
1044,1050.248363
1045,1052.852433
1046,1055.519422
1047,1058.246703
1048,1061.031623
1049,1063.871509
1050,1066.763667
1051,1069.705483
1052,1072.694737
1053,1075.729295
1054,1078.807006
1055,1081.925702
1056,1085.083195
1057,1088.277281
1058,1091.505738
1059,1094.766326
1060,1098.056786
1061,1101.374843
1062,1104.718204
1063,1108.084556
1064,1111.471569
1065,1114.876897
1066,1118.298171
1067,1121.733009
1068,1125.179008
1069,1128.633748
1070,1132.094788
1071,1135.559672
1072,1139.025925
1073,1142.491052
1074,1145.952539
1075,1149.407858
1076,1152.854456
1077,1156.289767
1078,1159.711204
1079,1163.11616
1080,1166.502011
1081,1169.866114
1082,1173.205808
1083,1176.518411
1084,1179.801224
1085,1183.051529
1086,1186.266586
1087,1189.443641
1088,1192.579916
1089,1195.672618
1090,1198.718932
1091,1201.716323
1092,1204.66343
1093,1207.559184
1094,1210.402508
1095,1213.19232
1096,1215.927531
1097,1218.607047
1098,1221.229766
1099,1223.794581
1100,1226.300379
1101,1228.74604
1102,1231.130437
1103,1233.452438
1104,1235.710905
1105,1237.904691
1106,1240.032646
1107,1242.093612
1108,1244.086425
1109,1246.009913
1110,1247.8629
1111,1249.644202
1112,1251.35263
1113,1252.986988
1114,1254.546071
1115,1256.028672
1116,1257.433575
1117,1258.759557
1118,1260.005389
1119,1261.169837
1120,1262.251659
1121,1263.249606
1122,1264.162424
1123,1264.988851
1124,1265.727619
1125,1266.377453
1126,1266.937073
1127,1267.405191
1128,1267.780512
1129,1268.061735
1130,1268.247552
1131,1268.336941
1132,1268.33005
1133,1268.227324
1134,1268.029211
1135,1267.736169
1136,1267.348659
1137,1266.867148
1138,1266.29211
1139,1265.624024
1140,1264.863375
1141,1264.010654
1142,1263.066358
1143,1262.030989
1144,1260.905057
1145,1259.689074
1146,1258.383562
1147,1256.989048
1148,1255.506063
1149,1253.935145
1150,1252.276839
1151,1250.531695
1152,1248.70027
1153,1246.783125
1154,1244.78083
1155,1242.693957
1156,1240.523089
1157,1238.26881
1158,1235.931715
1159,1233.512402
1160,1231.011476
1161,1228.429547
1162,1225.767233
1163,1223.025158
1164,1220.20395
1165,1217.304247
1166,1214.326689
1167,1211.271925
1168,1208.14061
1169,1204.933404
1170,1201.650974
1171,1198.294118
1172,1194.86414
1173,1191.362479
1174,1187.790584
1175,1184.149919
1176,1180.441956
1177,1176.668181
1178,1172.830089
1179,1168.92919
1180,1164.967002
1181,1160.945058
1182,1156.864899
1183,1152.728081
1184,1148.536171
1185,1144.290745
1186,1139.993395
1187,1135.645722
1188,1131.249338
1189,1126.805871
1190,1122.316956
1191,1117.784243
1192,1113.209392
1193,1108.594077
1194,1103.939983
1195,1099.248805
1196,1094.522254
1197,1089.76205
1198,1084.969926
1199,1080.147626
1200,1075.296909
1201,1070.419543
1202,1065.51731
1203,1060.592004
1204,1055.645429
1205,1050.679406
1206,1045.695763
1207,1040.696343
1208,1035.683002
1209,1030.657606
1210,1025.622036
1211,1020.578098
1212,1015.527266
1213,1010.47094
1214,1005.410525
1215,1000.34744
1216995.2831088
1217990.2189672
1218985.1564588
1219980.0970366
1220975.0421629
1221969.993309
1222964.9519555
1223959.9195924
1224954.8977187
1225949.8878427
1226944.8914821
1227939.9101638
1228934.9454242
1229929.9988087
1230925.0718723
1231920.1661795
1232915.2833038
1233910.4248285
1234905.5923461
1235900.7874587
1236896.0117776
1237891.266924
1238886.5545282
1239881.8762303
1240877.2336798
1241872.6285359
1242868.0624671
1243863.5371518
1244859.0542779
1245854.6155428
1246850.2226539
1247845.8773278
1248841.5812912
1249837.3362803
1250833.1440411
1251829.0061202
1252824.9232351
1253820.8958965
1254816.924617
1255813.0099109
1256809.1522942
1257805.3522849
1258801.6104024
1259797.9271681
1260794.3031052
1261790.7387385
1262787.2345947
1263783.7912023
1264780.4090915
1265777.0887943
1266773.8308445
1267770.6357777
1268767.5041312
1269764.4364442
1270761.4332577
1271758.4951144
1272755.6225589
1273752.8161374
1274750.0763982
1275747.4038912
1276744.7991683
1277742.2627828
1278739.7952903
1279737.397248
1280735.0692148
1281732.8117517
1282730.6254212
1283728.5107879
1284726.4684181
1285724.4988799
1286722.6027433
1287720.7805802
1288719.0329641
1289717.3604707
1290715.7636771
1291714.2429719
1292712.7979802
1293711.428132
1294710.1328518
1295708.9115588
1296707.7636673
1297706.6885857
1298705.6857177
1299704.7544614
1300703.8942095
1301703.1043494
1302702.3842634
1303701.7333281
1304701.150915
1305700.63639
1306700.1891137
1307699.8084414
1308699.4937228
1309699.2443023
1310699.0595187
1311698.9387057
1312698.8811911
1313698.8862975
1314698.953342
1315699.0816361
1316699.2704858
1317699.5191918
1318699.8270489
1319700.1933466
1320700.6173689
1321701.0983941
1322701.635695
1323702.2285387
1324702.8761869
1325703.5778954
1326704.3329148
1327705.1404896
1328705.9998591
1329706.9102565
1330707.8709098
1331708.8809785
1332709.9393669
1333711.0449089
1334712.1964303
1335713.3927494
1336714.632676
1337715.9150123
1338717.2385521
1339718.6020814
1340720.0043781
1341721.4442121
1342722.920345
1343724.4315305
1344725.9765141
1345727.5540332
1346729.1628169
1347730.8015863
1348732.4690543
1349734.1639256
1350735.8848967
1351737.6306557
1352739.3998827
1353741.1912494
1354743.0034192
1355744.8350474
1356746.6847808
1357748.5512579
1358750.433109
1359752.3289559
1360754.2374121
1361756.1570827
1362758.0865644
1363760.0244455
1364761.9693059
1365763.919717
1366765.8742417
1367767.8314345
1368769.7898415
1369771.7480001
1370773.7044392
1371775.657762
1372777.6068951
1373779.5508416
1374781.4885993
1375783.4191601
1376785.3415102
1377787.2546301
1378789.1574946
1379791.0490729
1380792.9283282
1381794.794218
1382796.6456943
1383798.4817031
1384800.3011845
1385802.1030731
1386803.8862976
1387805.6497806
1388807.3924394
1389809.113185
1390810.8109229
1391812.4845524
1392814.1329672
1393815.755055
1394817.3496978
1395818.9157714
1396820.4521459
1397821.9576855
1398823.4312483
1399824.8716866
1400826.2778468
1401827.6485692
1402828.9826882
1403830.2790323
1404831.5364238
1405832.7536793
1406833.929609
1407835.0630175
1408836.1527031
1409837.1974582
1410838.196069
1411839.1474752
1412840.0512502
1413840.9071256
1414841.7148326
1415842.4741016
1416843.1846622
1417843.8462436
1418844.4585742
1419845.0213819
1420845.5343936
1421845.997336
1422846.4099348
1423846.7719151
1424847.0830016
1425847.3429179
1426847.5513873
1427847.7081323
1428847.8128748
1429847.8653359
1430847.8652362
1431847.8122955
1432847.7062331
1433847.5467674
1434847.3336164
1435847.0664972
1436846.7451265
1437846.36922
1438845.938493
1439845.4526599
1440844.9114348
1441844.3145307
1442843.6616602
1443842.9525352
1444842.1868668
1445841.3643655
1446840.4847413
1447839.5477031
1448838.5529596
1449837.5002186
1450836.3891871
1451835.2197055
1452833.9921506
1453832.7070362
1454831.3648802
1455829.9662039
1456828.5115326
1457827.0013955
1458825.4363252
1459823.8168585
1460822.1435358
1461820.4169013
1462818.637503
1463816.805893
1464814.9226268
1465812.988264
1466811.0033681
1467808.9685063
1468806.8842496
1469804.7511731
1470802.5698557
1471800.34088
1472798.0648326
1473795.7423042
1474793.373889
1475790.9601854
1476788.5017957
1477785.999326
1478783.4533863
1479780.8645908
1480778.2335573
1481775.5609079
1482772.8472682
1483770.0932683
1484767.2995419
1485764.4667268
1486761.5954647
1487758.6864014
1488755.7401867
1489752.7574743
1490749.738922
1491746.6852285
1492743.5972442
1493740.4758613
1494737.3219774
1495734.1364955
1496730.9203235
1497727.6743747
1498724.3995678
1499721.0968266
1500717.7670802
1501714.4112631
1502711.0303151
1503707.625181
1504704.1968114
1505700.7461619
1506697.2741935
1507693.7818726
1508690.270171
1509686.7400657
1510683.1925392
1511679.6285793
1512676.0491793
1513672.4553378
1514668.8480589
1515665.2283519
1516661.5972319
1517657.9557191
1518654.3048394
1519650.6456238
1520646.9791092
1521643.3063376
1522639.6283567
1523635.9462197
1524632.2609851
1525628.5737171
1526624.8854853
1527621.1973649
1528617.5104367
1529613.8257868
1530610.144507
1531606.4676298
1532602.7959325
1533599.1301311
1534595.4709452
1535591.8190979
1536588.175316
1537584.5403298
1538580.914873
1539577.299683
1540573.6955009
1541570.1030713
1542566.5231422
1543562.9564655
1544559.4037966
1545555.8658943
1546552.3435212
1547548.8374437
1548545.3484315
1549541.877258
1550538.4247004
1551534.9915394
1552531.5785594
1553528.1865484
1554524.8162982
1555521.468604
1556518.1442649
1557514.8440837
1558511.5688666
1559508.3194239
1560505.0965691
1561501.9011199
1562498.7338974
1563495.5957264
1564492.4874356
1565489.4098573
1566486.3638275
1567483.3501859
1568480.3697762
1569477.4234454
1570474.5120448
1571471.6363151
1572468.7965446
1573465.9929082
1574463.2255812
1575460.494739
1576457.8005574
1577455.1432127
1578452.522881
1579449.9397391
1580447.3939639
1581444.8857327
1582442.4152229
1583439.9826124
1584437.5880792
1585435.2318018
1586432.9139588
1587430.6347292
1588428.3942922
1589426.1928273
1590424.0305143
1591421.9075334
1592419.8240649
1593417.7802896
1594415.7763883
1595413.8125424
1596411.8889333
1597410.005743
1598408.1631535
1599406.3613472
1600404.6005069
1601402.8808155
1602401.2024563
1603399.5656129
1604397.9704691
1605396.4172091
1606394.9060172
1607393.4370783
1608392.0105773
1609390.6266995
1610389.2856306
1611387.9874648
1612386.7319297
1613385.518659
1614384.3472842
1615383.2174341
1616382.1287351
1617381.0808112
1618380.0732839
1619379.1057724
1620378.1778932
1621377.2892603
1622376.4394855
1623375.6281779
1624374.8549443
1625374.1193886
1626373.4211128
1627372.759716
1628372.1347948
1629371.5459435
1630370.9927537
1631370.4748147
1632369.991713
1633369.5430329
1634369.1283558
1635368.747261
1636368.3993249
1637368.0841215
1638367.8012224
1639367.5501964
1640367.3306098
1641367.1420266
1642366.9840079
1643366.8561125
1644366.7578964
1645366.6889132
1646366.648714
1647366.636847
1648366.6528582
1649366.6962907
1650366.7666852
1651366.8635575
1652366.9863317
1653367.1344065
1654367.3071775
1655367.5040368
1656367.7243733
1657367.9675728
1658368.2330175
1659368.5200867
1660368.8281561
1661369.1565982
1662369.5047824
1663369.8720745
1664370.2578371
1665370.6614297
1666371.0822081
1667371.519525
1668371.9727299
1669372.4411687
1670372.9241841
1671373.4211155
1672373.9312988
1673374.4540667
1674374.9887485
1675375.5346701
1676376.091154
1677376.6575194
1678377.2330822
1679377.8171548
1680378.4090461
1681379.0080619
1682379.6135043
1683380.2246723
1684380.8408612
1685381.4613631
1686382.0854665
1687382.7124567
1688383.3416154
1689383.9722208
1690384.603548
1691385.2349146
1692385.8658206
1693386.4958103
1694387.1244256
1695387.7512062
1696388.37569
1697388.9974125
1698389.615907
1699390.2307048
1700390.8413349
1701391.4473242
1702392.0481975
1703392.6434774
1704393.2326842
1705393.8153361
1706394.3909493
1707394.9590375
1708395.5191124
1709396.0706835
1710396.6132581
1711397.1463414
1712397.669436
1713398.1820429
1714398.6836604
1715399.1737849
1716399.6519104
1717400.1175288
1718400.5701297
1719401.0092006
1720401.4342266
1721401.8446907
1722402.2400736
1723402.6198539
1724402.9835079
1725403.3305095
1726403.6603305
1727403.9724405
1728404.2663069
1729404.5413945
1730404.7971663
1731405.0331594
1732405.2492165
1733405.4452564
1734405.6211981
1735405.7769602
1736405.9124612
1737406.0276196
1738406.1223536
1739406.1965815
1740406.2502212
1741406.2831905
1742406.2954073
1743406.286789
1744406.2572533
1745406.2067174
1746406.1350984
1747406.0423135
1748405.9282795
1749405.7929133
1750405.6361314
1751405.4578504
1752405.2579866
1753405.0364563
1754404.7931755
1755404.5280603
1756404.2410263
1757403.9319893
1758403.6008649
1759403.2475683
1760402.8720149
1761402.4741199
1762402.0537981
1763401.6109645
1764401.1455337
1765400.6574202
1766400.1465387
1767399.6128032
1768399.0561281
1769398.4764272
1770397.8736145
1771397.2476621
1772396.598776
1773395.9272219
1774395.2332671
1775394.5171801
1776393.779231
1777393.0196914
1778392.2388342
1779391.4369338
1780390.6142662
1781389.7711087
1782388.9077402
1783388.0244409
1784387.1214925
1785386.1991783
1786385.2577831
1787384.2975928
1788383.3188953
1789382.3219797
1790381.3071364
1791380.2746577
1792379.2248371
1793378.1579697
1794377.0743519
1795375.9742819
1796374.8580592
1797373.7259848
1798372.5783612
1799371.4154925
1800370.2376841
1801369.0452432
1802367.8384782
1803366.6176993
1804365.3832179
1805364.1353471
1806362.8744016
1807361.6006974
1808360.3145522
1809359.016285
1810357.7062166
1811356.3846802
1812355.0520548
1813353.7087322
1814352.3551063
1815350.9915724
1816349.618528
1817348.2363722
1818346.845506
1819345.4463323
1820344.0392558
1821342.6246831
1822341.2030224
1823339.7746841
1824338.3400802
1825336.8996247
1826335.4537333
1827334.0028238
1828332.5473156
1829331.08763
1830329.6241905
1831328.1574219
1832326.6877514
1833325.2156079
1834323.7414219
1835322.2656262
1836320.7886552
1837319.3109453
1838317.8329348
1839316.3550638
1840314.8777744
1841313.4015105
1842311.926718
1843310.4538446
1844308.9833398
1845307.5156554
1846306.0512446
1847304.590563
1848303.1340676
1849301.6822179
1850300.2354747
1851298.7942678
1852297.3588946
1853295.9296203
1854294.5067111
1855293.0904344
1856291.6810585
1857290.2788528
1858288.8840879
1859287.4970353
1860286.1179677
1861284.7471586
1862283.384883
1863282.0314166
1864280.6870363
1865279.3520202
1866278.0266472
1867276.7111976
1868275.4059525
1869274.1111942
1870272.8272061
1871271.5542727
1872270.2926796
1873269.0427132
1874267.8046614
1875266.5788129
1876265.3654577
1877264.1648866
1878262.9773919
1879261.8032666
1880260.6428051
1881259.4963026
1882258.3640556
1883257.2463618
1884256.1435196
1885255.055829
1886253.9835907
1887252.9271067
1888251.8866801
1889250.862615
1890249.8552169
1891248.8647413
1892247.8912428
1893246.9347248
1894245.9951908
1895245.0726441
1896244.1670878
1897243.278525
1898242.4069582
1899241.5523902
1900240.7148233
1901239.8942599
1902239.0907019
1903238.3041513
1904237.5346098
1905236.7820789
1906236.0465601
1907235.3280545
1908234.6265631
1909233.9420868
1910233.2746263
1911232.624182
1912231.9907543
1913231.3743433
1914230.774949
1915230.1925711
1916229.6272092
1917229.0788628
1918228.5475312
1919228.0332133
1920227.5359081
1921227.0556142
1922226.5923302
1923226.1460545
1924225.7167852
1925225.3045202
1926224.9092574
1927224.5309945
1928224.1697287
1929223.8254575
1930223.4981778
1931223.187851
1932222.8942963
1933222.6172961
1934222.356632
1935222.1120843
1936221.8834324
1937221.6704546
1938221.4729282
1939221.2906291
1940221.1233326
1941220.9708125
1942220.8328418
1943220.7091922
1944220.5996346
1945220.5039385
1946220.4218726
1947220.3532043
1948220.2977
1949220.2551249
1950220.2252434
1951220.2078186
1952220.2026124
1953220.2093857
1954220.2278985
1955220.2579095
1956220.2991762
1957220.3514553
1958220.4145021
1959220.488071
1960220.5719152
1961220.6657868
1962220.7694369
1963220.8826153
1964221.0050708
1965221.136551
1966221.2768026
1967221.425571
1968221.5826005
1969221.7476344
1970221.9204146
1971222.1006793
1972222.2881538
1973222.4825595
1974222.6836163
1975222.8910432
1976223.1045579
1977223.3238767
1978223.5487151
1979223.7787871
1980224.0138054
1981224.2534819
1982224.497527
1983224.7456498
1984224.9975584
1985225.2529597
1986225.5115592
1987225.7730614
1988226.0371693
1989226.303585
1990226.5720091
1991226.8421412
1992227.1136795
1993227.3863211
1994227.6597618
1995227.9336963
1996228.2078178
1997228.4818186
1998228.7553895
1999229.0282201
2000229.299999
2001229.5704133
2002229.839149
2003230.1058907
2004230.3703219
2005230.632125
2006230.8909807
2007231.146569
2008231.3985682
2009231.6466556
2010231.8905072
2011232.1298236
2012232.3644083
2013232.5940899
2014232.8186966
2015233.0380557
2016233.2519941
2017233.4603378
2018233.6629124
2019233.8595427
2020234.0500529
2021234.2342666
2022234.4120067
2023234.5830956
2024234.7473548
2025234.9046053
2026235.0546675
2027235.1973611
2028235.3325051
2029235.4599179
2030235.5794173
2031235.6908204
2032235.7939435
2033235.8886026
2034235.9746128
2035236.0517884
2036236.1199435
2037236.1788911
2038236.2284437
2039236.2684133
2040236.298611
2041236.3188474
2042236.3289324
2043236.3286751
2044236.3178843
2045236.2963677
2046236.2639326
2047236.2203856
2048236.1655326
2049236.0991789
2050236.021129
2051235.9312221
2052235.8294372
2053235.7157887
2054235.5902912
2055235.4529594
2056235.3038081
2057235.1428524
2058234.9701073
2059234.7855881
2060234.5893105
2061234.3812899
2062234.1615422
2063233.9300833
2064233.6869293
2065233.4320964
2066233.1656011
2067232.88746
2068232.5976897
2069232.2963072
2070231.9833295
2071231.6587738
2072231.3226574
2073230.974998
2074230.6158131
2075230.2451206
2076229.8629385
2077229.469285
2078229.0641785
2079228.6476372
2080228.2196801
2081227.7803257
2082227.3295932
2083226.8675015
2084226.3940701
2085225.9093183
2086225.4132659
2087224.9059324
2088224.387338
2089223.8575027
2090223.3164467
2091222.7642139
2092222.2009419
2093221.6267926
2094221.0419283
2095220.4465122
2096219.8407081
2097219.2246806
2098218.5985949
2099217.962617
2100217.3169136
2101216.6616519
2102215.9970002
2103215.3231272
2104214.6402024
2105213.9483961
2106213.247879
2107212.538823
2108211.8214003
2109211.095784
2110210.3621479
2111209.6206665
2112208.871515
2113208.1148694
2114207.3509063
2115206.579803
2116205.8017377
2117205.0168893
2118204.2254371
2119203.4275616
2120202.6234436
2121201.813265
2122200.9972081
2123200.1754561
2124199.348193
2125198.5156032
2126197.6778723
2127196.8351862
2128195.9877318
2129195.1356966
2130194.2792689
2131193.4186384
2132192.5539981
2133191.6855421
2134190.8134657
2135189.9379646
2136189.0592355
2137188.1774756
2138187.2928832
2139186.4056569
2140185.5159965
2141184.6241023
2142183.7301754
2143182.8344177
2144181.9370318
2145181.0382212
2146180.1381899
2147179.237143
2148178.3352862
2149177.4328257
2150176.529969
2151175.6269239
2152174.7238992
2153173.8211045
2154172.91875
2155172.0170468
2156171.1162067
2157170.2164423
2158169.3179669
2159168.4209948
2160167.5257408
2161166.6324206
2162165.7412508
2163164.8524485
2164163.9662317
2165163.0828193
2166162.2024308
2167161.3252867
2168160.451608
2169159.5816166
2170158.7155354
2171157.8535695
2172156.9958522
2173156.1424988
2174155.2936253
2175154.4493477
2176153.6097827
2177152.7750472
2178151.9452585
2179151.1205343
2180150.3009929
2181149.4867526
2182148.6779324
2183147.8746516
2184147.0770297
2185146.2851869
2186145.4992435
2187144.7193205
2188143.945539
2189143.1780207
2190142.4168875
2191141.6622618
2192140.9142664
2193140.1730244
2194139.4386596
2195138.7112956
2196137.9910571
2197137.2780686
2198136.5724553
2199135.8743428
2200135.1838569
2201134.5011241
2202133.8262709
2203133.1594245
2204132.5007125
2205131.8502626
2206131.2082033
2207130.5746632
2208129.9497714
2209129.3336575
2210128.7264512
2211128.1282593
2212127.5390944
2213126.9589452
2214126.3878007
2215125.8256493
2216125.2724798
2217124.7282803
2218124.1930394
2219123.6667452
2220123.1493857
2221122.6409489
2222122.1414227
2223121.6507949
2224121.169053
2225120.6961846
2226120.232177
2227119.7770176
2228119.3306934
2229118.8931917
2230118.4644993
2231118.0446029
2232117.6334895
2233117.2311454
2234116.8375573
2235116.4527114
2236116.0765941
2237115.7091913
2238115.3504893
2239115.0004737
2240114.6591306
2241114.3264454
2242114.0024037
2243113.686991
2244113.3801926
2245113.0819937
2246112.7923793
2247112.5113344
2248112.2388438
2249111.9748924
2250111.7194646
2251111.4725298
2252111.2339967
2253111.0037584
2254110.7817073
2255110.5677359
2256110.3617357
2257110.1635981
2258109.973214
2259109.7904738
2260109.6152674
2261109.4474843
2262109.2870138
2263109.1337443
2264108.9875641
2265108.8483608
2266108.7160219
2267108.5904341
2268108.4714838
2269108.359057
2270108.2530392
2271108.1533154
2272108.0597702
2273107.9722877
2274107.8907516
2275107.8150452
2276107.7450512
2277107.6806519
2278107.6217294
2279107.5681648
2280107.5198393
2281107.4766333
2282107.4384269
2283107.4050997
2284107.3765308
2285107.3525988
2286107.3331821
2287107.3181583
2288107.3074048
2289107.3007985
2290107.2982156
2291107.2995321
2292107.3046233
2293107.313364
2294107.3256285
2295107.3412907
2296107.360224
2297107.3823013
2298107.4073952
2299107.4353776
2300107.4661201
2301107.4994938
2302107.5353693
2303107.5736166
2304107.6141056
2305107.6567054
2306107.7012848
2307107.747712
2308107.7958548
2309107.8455805
2310107.8967561
2311107.9492479
2312108.0029217
2313108.0576431
2314108.1132771
2315108.169688
2316108.2267399
2317108.2842965
2318108.3422206
2319108.400375
2320108.4586217
2321108.5168224
2322108.5748383
2323108.63253
2324108.6897577
2325108.7463811
2326108.8022596
2327108.8572518
2328108.911216
2329108.9640102
2330109.0154915
2331109.0655288
2332109.1140388
2333109.1609499
2334109.2061902
2335109.2496877
2336109.29137
2337109.3311646
2338109.3689987
2339109.4047993
2340109.4384931
2341109.4700067
2342109.4992663
2343109.526198
2344109.5507275
2345109.5727804
2346109.592282
2347109.6091574
2348109.6233314
2349109.6347286
2350109.6432734
2351109.64889
2352109.6515021
2353109.6510334
2354109.6474074
2355109.6405472
2356109.6303757
2357109.6168155
2358109.5997892
2359109.5792189
2360109.5550265
2361109.5271339
2362109.4954623
2363109.4599332
2364109.4204673
2365109.3769856
2366109.3294084
2367109.2776561
2368109.2216486
2369109.1613057
2370109.0965469
2371109.0273067
2372108.95358
2373108.8753769
2374108.7927077
2375108.7055825
2376108.6140117
2377108.5180058
2378108.4175751
2379108.3127301
2380108.2034814
2381108.0898398
2382107.9718157
2383107.8494201
2384107.7226638
2385107.5915575
2386107.4561123
2387107.3163392
2388107.1722493
2389107.0238536
2390106.8711635
2391106.7141901
2392106.5529448
2393106.3874389
2394106.217684
2395106.0436915
2396105.865473
2397105.6830402
2398105.4964048
2399105.3055785
2400105.1105732
2401104.9114008
2402104.7080732
2403104.5006025
2404104.2890008
2405104.0732802
2406103.8534529
2407103.6295312
2408103.4015275
2409103.1694542
2410102.9333238
2411102.693158
2412102.4490157
2413102.2009652
2414101.949075
2415101.693414
2416101.4340511
2417101.1710558
2418100.9044975
2419100.634446
2420100.3609714
2421100.084144
2422,99.80403437
2423,99.5207133
2424,99.23425184
2425,98.9447213
2426,98.65219326
2427,98.35673951
2428,98.05843213
2429,97.75734344
2430,97.45354601
2431,97.14711266
2432,96.83811649
2433,96.52663081
2434,96.21272923
2435,95.89648558
2436,95.57797396
2437,95.25726873
2438,94.9344445
2439,94.60957612
2440,94.28273873
2441,93.9540077
2442,93.62345865
2443,93.29116748
2444,92.95721035
2445,92.62166364
2446,92.28460403
2447,91.94610843
2448,91.60625402
2449,91.26511824
2450,90.92277877
2451,90.57931309
2452,90.23479691
2453,89.88930572
2454,89.54291525
2455,89.19570148
2456,88.84774065
2457,88.49910923
2458,88.14988396
2459,87.80014183
2460,87.44996007
2461,87.09941618
2462,86.74858789
2463,86.39755319
2464,86.04639033
2465,85.69517781
2466,85.34399437
2467,84.99291903
2468,84.64203104
2469,84.29140991
2470,83.94113541
2471,83.59128755
2472,83.24194661
2473,82.89319312
2474,82.54510787
2475,82.19777188
2476,81.85126646
2477,81.50567316
2478,81.16107378
2479,80.81755039
2480,80.47518531
2481,80.1340611
2482,79.79426062
2483,79.45586693
2484,79.1189634
2485,78.78363363
2486,78.44996149
2487,78.11803109
2488,77.78792682
2489,77.45973332
2490,77.13353548
2491,76.80941049
2492,76.48740384
2493,76.16755315
2494,75.84989616
2495,75.53447071
2496,75.22131475
2497,74.91046634
2498,74.60196363
2499,74.29584489
2500,73.99214851
2501,73.69091295
2502,73.39217681
2503,73.09597879
2504,72.80235768
2505,72.51135241
2506,72.22300198
2507,71.93734552
2508,71.65442227
2509,71.37427156
2510,71.09693285
2511,70.82244569
2512,70.55084975
2513,70.2821848
2514,70.01649072
2515,69.75380749
2516,69.49417523
2517,69.23763413
2518,68.98422451
2519,68.73398679
2520,68.48696151
2521,68.24318931
2522,68.00271094
2523,67.76556726
2524,67.53179923
2525,67.30144794
2526,67.07455458
2527,66.85116044
2528,66.63130692
2529,66.41503556
2530,66.20238797
2531,65.99339639
2532,65.78805517
2533,65.58634907
2534,65.38826282
2535,65.19378105
2536,65.00288833
2537,64.81556917
2538,64.63180801
2539,64.45158919
2540,64.27489701
2541,64.1017157
2542,63.93202939
2543,63.76582217
2544,63.60307805
2545,63.44378097
2546,63.28791479
2547,63.1354633
2548,62.98641023
2549,62.84073924
2550,62.69843391
2551,62.55947774
2552,62.42385418
2553,62.29154659
2554,62.16253827
2555,62.03681245
2556,61.91435228
2557,61.79514083
2558,61.67916113
2559,61.56639611
2560,61.45682862
2561,61.35044148
2562,61.24721739
2563,61.14713901
2564,61.05018892
2565,60.95634962
2566,60.86560354
2567,60.77793304
2568,60.69332041
2569,60.61174786
2570,60.53319754
2571,60.45764618
2572,60.38504906
2573,60.31535596
2574,60.24851649
2575,60.1844801
2576,60.12319603
2577,60.06461339
2578,60.00868108
2579,59.95534786
2580,59.90456228
2581,59.85627275
2582,59.81042748
2583,59.76697453
2584,59.72586176
2585,59.68703686
2586,59.65044737
2587,59.61604063
2588,59.5837638
2589,59.5535639
2590,59.52538773
2591,59.49918195
2592,59.47489301
2593,59.45246722
2594,59.4318507
2595,59.41298938
2596,59.39582902
2597,59.38031522
2598,59.36639337
2599,59.35400873
2600,59.34310634
2601,59.33363107
2602,59.32552764
2603,59.31874056
2604,59.31321418
2605,59.30889266
2606,59.30571999
2607,59.30363998
2608,59.30259627
2609,59.3025323
2610,59.30339134
2611,59.30511754
2612,59.30765899
2613,59.31096468
2614,59.31498343
2615,59.3196639
2616,59.32495459
2617,59.33080384
2618,59.33715983
2619,59.34397058
2620,59.35118394
2621,59.3587476
2622,59.3666091
2623,59.3747158
2624,59.38301491
2625,59.39145348
2626,59.39997839
2627,59.40853635
2628,59.41707393
2629,59.42553752
2630,59.43387334
2631,59.44202748
2632,59.44994582
2633,59.45757412
2634,59.46485794
2635,59.4717427
2636,59.47817366
2637,59.48409588
2638,59.4894543
2639,59.49419367
2640,59.49825858
2641,59.50159346
2642,59.50414257
2643,59.50585
2644,59.50665968
2645,59.50651538
2646,59.50536071
2647,59.50313908
2648,59.49979378
2649,59.49526791
2650,59.48950439
2651,59.48245167
2652,59.47408077
2653,59.46436829
2654,59.45329079
2655,59.44082475
2656,59.42694659
2657,59.41163267
2658,59.39485928
2659,59.37660264
2660,59.35683893
2661,59.33554423
2662,59.3126946
2663,59.28826598
2664,59.2622343
2665,59.2345754
2666,59.20526504
2667,59.17427895
2668,59.14159276
2669,59.10718207
2670,59.07102238
2671,59.03308916
2672,58.99335778
2673,58.95180358
2674,58.90840181
2675,58.86312766
2676,58.81595625
2677,58.76686266
2678,58.71582187
2679,58.66280881
2680,58.60779836
2681,58.55076531
2682,58.4916844
2683,58.43053029
2684,58.36727759
2685,58.30190084
2686,58.2343745
2687,58.16467298
2688,58.09277062
2689,58.0186417
2690,57.94226042
2691,57.86360725
2692,57.78268799
2693,57.69951481
2694,57.61409989
2695,57.5264555
2696,57.43659395
2697,57.34452757
2698,57.25026877
2699,57.15382999
2700,57.05522371
2701,56.95446248
2702,56.85155887
2703,56.74652553
2704,56.63937512
2705,56.53012038
2706,56.41877408
2707,56.30534903
2708,56.18985811
2709,56.07231424
2710,55.95273037
2711,55.83111952
2712,55.70749475
2713,55.58186917
2714,55.45425592
2715,55.32466821
2716,55.1931193
2717,55.05962248
2718,54.92419109
2719,54.78683853
2720,54.64757825
2721,54.50642373
2722,54.36338851
2723,54.21848618
2724,54.07173038
2725,53.92313478
2726,53.77271312
2727,53.62047918
2728,53.46644679
2729,53.31062982
2730,53.15304221
2731,52.99370135
2732,52.83263845
2733,52.66988825
2734,52.50548561
2735,52.33946547
2736,52.17186291
2737,52.0027131
2738,51.83205133
2739,51.659913
2740,51.48633361
2741,51.31134878
2742,51.13499424
2743,50.95730582
2744,50.77831947
2745,50.59807123
2746,50.41659729
2747,50.23393392
2748,50.0501175
2749,49.86518454
2750,49.67917164
2751,49.49211552
2752,49.30405302
2753,49.11502107
2754,48.92505673
2755,48.73419716
2756,48.54247965
2757,48.34994157
2758,48.15662043
2759,47.96255383
2760,47.7677795
2761,47.57233528
2762,47.3762591
2763,47.17958904
2764,46.98236325
2765,46.78462002
2766,46.58639775
2767,46.38773494
2768,46.18867021
2769,45.9892423
2770,45.78949006
2771,45.58945163
2772,45.38916209
2773,45.18865578
2774,44.98796718
2775,44.78713083
2776,44.58618139
2777,44.38515362
2778,44.18408238
2779,43.98300263
2780,43.78194941
2781,43.58095789
2782,43.38006333
2783,43.17930107
2784,42.97870658
2785,42.7783154
2786,42.57816321
2787,42.37828576
2788,42.1787189
2789,41.9794986
2790,41.78066091
2791,41.58224199
2792,41.38427811
2793,41.18680563
2794,40.98986101
2795,40.79348082
2796,40.59770172
2797,40.40256048
2798,40.20809397
2799,40.01433915
2800,39.82133311
2801,39.62911301
2802,39.43771613
2803,39.24717985
2804,39.05754164
2805,38.8688391
2806,38.68110989
2807,38.49439181
2808,38.30872274
2809,38.12414069
2810,37.94068373
2811,37.7583863
2812,37.57726789
2813,37.39734423
2814,37.21863114
2815,37.04114443
2816,36.86489999
2817,36.68991372
2818,36.51620158
2819,36.34377954
2820,36.17266365
2821,36.00286996
2822,35.83441458
2823,35.66731365
2824,35.50158335
2825,35.33723991
2826,35.17429958
2827,35.01277867
2828,34.85269352
2829,34.69406049
2830,34.53689601
2831,34.38121653
2832,34.22703855
2833,34.0743786
2834,33.92325326
2835,33.77367913
2836,33.62567287
2837,33.47925117
2838,33.33443076
2839,33.19122841
2840,33.04966093
2841,32.90974517
2842,32.77149801
2843,32.63493638
2844,32.50007726
2845,32.36693764
2846,32.23553458
2847,32.10588515
2848,31.9780065
2849,31.85191577
2850,31.72763018
2851,31.6051628
2852,31.48451001
2853,31.365664
2854,31.24861692
2855,31.13336092
2856,31.01988807
2857,30.90819044
2858,30.79826008
2859,30.69008898
2860,30.58366911
2861,30.47899243
2862,30.37605083
2863,30.27483621
2864,30.1753404
2865,30.07755524
2866,29.98147251
2867,29.88708397
2868,29.79438134
2869,29.70335632
2870,29.61400058
2871,29.52630574
2872,29.44026342
2873,29.35586518
2874,29.27310256
2875,29.19196708
2876,29.11245021
2877,29.03454339
2878,28.95823806
2879,28.88352558
2880,28.81039732
2881,28.73884459
2882,28.66885869
2883,28.60043088
2884,28.53355238
2885,28.46821439
2886,28.40440808
2887,28.34212458
2888,28.28135499
2889,28.22209039
2890,28.16432181
2891,28.10803826
2892,28.05322075
2893,27.9998482
2894,27.9478995
2895,27.89735343
2896,27.84818876
2897,27.80038415
2898,27.75391822
2899,27.70876952
2900,27.66491652
2901,27.62233765
2902,27.58101125
2903,27.54091562
2904,27.50202896
2905,27.46432945
2906,27.42779516
2907,27.39240412
2908,27.3581343
2909,27.32496357
2910,27.29286978
2911,27.26183067
2912,27.23182395
2913,27.20282725
2914,27.17481813
2915,27.14777409
2916,27.12167255
2917,27.09649088
2918,27.07220639
2919,27.0487963
2920,27.02623779
2921,27.00450794
2922,26.9835838
2923,26.96344233
2924,26.94406044
2925,26.92541495
2926,26.90748263
2927,26.89024018
2928,26.87366425
2929,26.85773138
2930,26.84241809
2931,26.82770049
2932,26.81355334
2933,26.79995103
2934,26.78686784
2935,26.77427802
2936,26.76215573
2937,26.75047504
2938,26.73920998
2939,26.72833448
2940,26.71782241
2941,26.70764757
2942,26.69778368
2943,26.68820438
2944,26.67888326
2945,26.66979382
2946,26.66090949
2947,26.65220362
2948,26.6436495
2949,26.63522033
2950,26.62688927
2951,26.61862936
2952,26.61041361
2953,26.60221491
2954,26.59400613
2955,26.58576003
2956,26.5774493
2957,26.56904656
2958,26.56052437
2959,26.55185519
2960,26.54301143
2961,26.53396541
2962,26.52468938
2963,26.51515553
2964,26.50533595
2965,26.49520267
2966,26.48472765
2967,26.47388277
2968,26.46263982
2969,26.45097056
2970,26.43884662
2971,26.42624641
2972,26.41317556
2973,26.39964655
2974,26.38567188
2975,26.3712641
2976,26.35643578
2977,26.34119956
2978,26.32556807
2979,26.309554
2980,26.29317008
2981,26.27642907
2982,26.25934375
2983,26.24192697
2984,26.22419157
2985,26.20615048
2986,26.18781661
2987,26.16920295
2988,26.15032251
2989,26.13118832
2990,26.11181346
2991,26.09221107
2992,26.07239427
2993,26.05237627
2994,26.03217029
2995,26.01178959
2996,25.99124746
2997,25.97055723
2998,25.94973228
2999,25.92878601
3000,25.90773186

