# # THIS FILE CONTAINS A COLUM CALLED RESTA THAT IS THE DIFFERENCE BETWEEN CMB DATA AND THEORETICAL CMB
# AND HAS BEEN CLEANED, WE HAVE CONSIDERED ONLY DATA WITH RESTA BETWEEN -50 TO 50 FOR MULTIPLO 30 ON
# l Dl dDL- dDl+ resta
0 2.0 225.895 132.369 533.062 790.099535
1 3.0 936.92 450.471 1212.308 25.697889600000053
2 4.0 692.238 294.111 666.469 219.62155799999994
3 5.0 1501.705 574.432 1155.804 -627.7823291000001
4 6.0 557.611 201.242 375.763 290.24559869999996
5 7.0 1152.643 381.584 670.824 -321.5327171
6 8.0 615.846 191.997 323.446 205.53081500000008
7 9.0 697.821 214.638 349.581 119.05584579999993
8 10.0 803.658 232.846 367.945 12.633363099999997
9 11.0 869.58 240.26 371.043 -50.90715979999993
10 12.0 764.074 204.951 310.576 59.25861310000005
11 13.0 599.003 158.593 235.581 230.78374199999996
12 14.0 808.139 199.37 290.751 29.539356200000043
13 15.0 1022.111 243.487 349.7 -175.3553581
14 16.0 621.292 150.977 215.798 235.53164260000005
15 17.0 1035.378 236.167 332.095 -167.65037499999994
16 18.0 674.593 156.341 216.872 204.70364790000008
17 19.0 951.642 211.554 290.997 -60.03988870000012
18 20.0 659.863 144.78 197.637 244.52419439999994
19 21.0 601.924 136.05 185.258 315.7565349
20 22.0 605.295 131.698 177.041 326.08256919999997
21 23.0 748.519 155.938 208.7 196.98743560000003
22 24.0 850.496 175.6 233.216 109.48403939999992
23 25.0 814.268 169.433 224.306 160.52883739999993
24 26.0 823.803 164.398 215.355 166.08162320000008
25 27.0 1004.022 190.293 247.879 1.2877399999999852
26 28.0 1149.889 215.09 279.078 -128.8278919999999
27 29.0 979.567 183.071 236.655 57.456527999999935
28 30.0 1102.80565 274.694273 274.694273 -49.571177000000034
31 33.0 1077.26738 273.099875 273.099875 25.984969000000092
34 36.0 1122.51626 272.952096 272.952096 32.55485599999997
37 39.0 1243.83149 273.908448 273.908448 -35.14719500000001
41 43.0 1235.15157 276.448251 276.448251 47.46993399999997
54 56.0 1523.29448 289.556623 289.556623 19.488616999999977
61 63.0 1742.10583 298.829576 298.829576 -45.59949499999993
66 68.0 1766.42864 306.883106 306.883106 46.15145200000006
68 70.0 1860.80088 310.378689 310.378689 -0.2130499999998392
83 85.0 2268.6746 340.170699 340.170699 -18.33990199999971
89 91.0 2414.51603 353.628468 353.628468 6.608680000000277
110 112.0 3039.35904 405.063917 405.063917 39.804327000000285
120 122.0 3450.49755 430.622985 430.622985 -33.129057999999986
136 138.0 3946.39273 470.170377 470.170377 23.804085999999643
144 146.0 4241.71328 488.300959 488.300959 0.9606960000000981
155 157.0 4626.32873 510.451551 510.451551 -24.70055400000001
157 159.0 4670.96912 514.051181 514.051181 -6.955167000000074
159 161.0 4692.45703 517.513129 517.513129 32.87972700000046
173 175.0 5076.1802 537.194289 537.194289 42.09850499999993
178 180.0 5197.70944 542.096329 542.096329 42.402806000000055
192 194.0 5505.00632 549.219525 549.219525 12.94723999999951
194 196.0 5565.00753 549.414324 549.414324 -15.796652999999424
195 197.0 5594.38968 549.447151 549.447151 -30.388828000000103
201 203.0 5670.94312 548.429907 548.429907 -30.223259999999755
206 208.0 5719.21608 546.143849 546.143849 -30.76016999999956
220 222.0 5767.12669 532.872648 532.872648 -26.941633999999794
259 261.0 5223.34736 450.080196 450.080196 35.89733799999976
265 267.0 5070.75541 432.922871 432.922871 43.15823200000068
279 281.0 4699.9279 390.359788 390.359788 20.762102000000596
284 286.0 4604.39113 374.624064 374.624064 -39.042091999999684
300 302.0 4057.36235 323.880527 323.880527 -21.0964570000001
307 309.0 3843.54001 302.035278 302.035278 -45.96813299999985
311 313.0 3686.50999 289.786851 289.786851 -25.427415999999994
321 323.0 3293.24602 260.233483 260.233483 31.153517000000193
338 340.0 2839.96536 214.88072 214.88072 -48.356840000000375
339 341.0 2807.38159 212.448566 212.448566 -44.794676999999865
342 344.0 2631.73162 205.326068 205.326068 45.60685000000012
355 357.0 2353.40879 177.69522 177.69522 -10.68254799999977
356 358.0 2279.89392 175.798532 175.798532 39.64818500000001
358 360.0 2320.21104 172.106857 172.106857 -45.860649000000194
360 362.0 2227.72597 168.550594 168.550594 3.03348700000015
365 367.0 2120.48085 160.259734 160.259734 8.548068000000058
372 374.0 1976.26405 150.113089 150.113089 28.557767999999896
374 376.0 1992.39641 147.526968 147.526968 -19.04534999999987
379 381.0 1884.33569 141.663982 141.663982 18.212541999999985
386 388.0 1801.98757 134.887132 134.887132 20.321187999999893
391 393.0 1761.75274 131.045501 131.045501 16.596921000000066
394 396.0 1739.88345 129.123675 129.123675 17.33802899999978
395 397.0 1778.42023 128.545318 128.545318 -27.380317000000105
398 400.0 1754.08525 126.992492 126.992492 -19.044864999999845
403 405.0 1742.72434 124.99458 124.99458 -26.061245999999755
406 408.0 1739.87721 124.13464 124.13464 -29.433946000000105
407 409.0 1694.95335 123.901895 123.901895 14.191759000000047
408 410.0 1748.53818 123.695116 123.695116 -40.31164499999977
409 411.0 1663.59602 123.514269 123.514269 44.086778000000095
412 414.0 1710.92069 123.121479 123.121479 -2.655754999999772
414 416.0 1723.82646 122.98013 122.98013 -13.365403000000015
416 418.0 1706.79798 122.931155 122.931155 7.268730999999889
425 427.0 1746.91713 123.755351 123.755351 -0.1664170000001377
426 428.0 1799.98113 123.942277 123.942277 -48.03956199999993
436 438.0 1851.90897 126.683953 126.683953 -33.137355999999954
439 441.0 1837.67895 127.772273 127.772273 5.787482999999838
441 443.0 1905.0023 128.553643 128.553643 -44.07642399999986
442 444.0 1856.37228 128.959697 128.959697 13.556591000000026
447 449.0 1890.54757 131.122649 131.122649 26.767058000000134
451 453.0 1907.83843 132.984596 132.984596 49.678180999999995
452 454.0 2014.06322 133.46432 133.46432 -46.23668299999986
455 457.0 1971.13425 134.93112 134.93112 28.166982999999846
456 458.0 1981.33466 135.427605 135.427605 28.622972000000118
462 464.0 2119.79075 138.458894 138.458894 -44.536003000000164
467 469.0 2134.24335 141.008206 141.008206 -3.4213690000001407
470 472.0 2138.94415 142.526293 142.526293 25.380797000000257
473 475.0 2196.05977 144.023496 144.023496 1.674731999999949
476 478.0 2191.27703 145.490143 145.490143 39.587257999999565
496 498.0 2388.25361 153.812001 153.812001 41.53409099999999
500 502.0 2434.79317 155.051039 155.051039 27.652692000000116
505 507.0 2472.95862 156.34673 156.34673 26.28955300000007
514 516.0 2554.32819 157.937914 157.937914 -1.0282310000002326
515 517.0 2574.71552 158.052613 158.052613 -16.440754000000197
516 518.0 2576.27467 158.15464 158.15464 -13.240749999999935
517 519.0 2584.82327 158.243995 158.243995 -17.248466000000008
522 524.0 2552.7503 158.494914 158.494914 34.16239899999982
537 539.0 2569.30096 157.295658 157.295658 39.6284169999999
538 540.0 2586.44648 157.112994 157.112994 22.007260999999744
542 544.0 2633.67108 156.259036 156.259036 -29.450560000000223
543 545.0 2580.64656 156.015242 156.015242 21.94263200000023
544 546.0 2598.71301 155.759809 155.759809 2.019688999999744
550 552.0 2593.78713 153.989221 153.989221 -8.799701000000368
553 555.0 2593.97662 152.957724 152.957724 -19.718137000000297
561 563.0 2572.85211 149.770565 149.770565 -35.87043799999992
564 566.0 2556.98461 148.426391 148.426391 -37.01125200000024
572 574.0 2508.79943 144.499203 144.499203 -41.37310900000011
574 576.0 2433.78983 143.448175 143.448175 19.018289000000095
576 578.0 2437.70104 142.373182 142.373182 -0.04291999999986729
581 583.0 2361.75221 139.595071 139.595071 35.91802999999982
584 586.0 2413.34501 137.87692 137.87692 -40.94582300000002
588 590.0 2335.66938 135.54087 135.54087 1.795107000000371
591 593.0 2287.43194 133.763875 133.763875 23.06731200000013
596 598.0 2241.549 130.775856 130.775856 22.951508999999987
598 600.0 2230.11497 129.577399 129.577399 15.738099000000147
600 602.0 2230.98177 128.380319 128.380319 -3.852657999999792
608 610.0 2196.77139 123.644913 123.644913 -44.38695000000007
615 617.0 2124.29066 119.644167 119.644167 -35.49064300000009
622 624.0 2047.8416 115.860506 115.860506 -19.568209000000024
623 625.0 2052.90242 115.342264 115.342264 -32.958648999999696
625 627.0 1996.86119 114.324509 114.324509 6.696195999999873
626 628.0 2028.69287 113.825406 113.825406 -33.18505600000003
628 630.0 1972.2257 112.84746 112.84746 7.488437000000204
635 637.0 1964.28067 109.654899 109.654899 -36.24384000000009
637 639.0 1933.40252 108.814144 108.814144 -18.975046000000248
638 640.0 1922.82945 108.406427 108.406427 -14.994330999999875
640 642.0 1907.64775 107.617232 107.617232 -12.5524640000001
646 648.0 1906.433 105.46721 105.46721 -45.70007899999996
650 652.0 1876.16826 104.221959 104.221959 -34.79440899999986
654 656.0 1796.60944 103.133979 103.133979 28.441661000000295
658 660.0 1774.90572 102.208483 102.208483 36.88813100000016
659 661.0 1766.24984 102.002912 102.002912 42.711139
664 666.0 1760.99191 101.130284 101.130284 36.70718600000009
665 667.0 1816.90155 100.986874 100.986874 -20.87268099999983
666 668.0 1795.76698 100.853868 100.853868 -1.2138060000002042
668 670.0 1753.30384 100.619056 100.619056 38.88223199999993
669 671.0 1817.5706 100.517218 100.517218 -26.27562899999998
670 672.0 1797.77122 100.425792 100.425792 -7.172202999999854
674 676.0 1746.3044 100.164107 100.164107 43.46433400000001
675 677.0 1826.00277 100.124683 100.124683 -35.952841000000035
677 679.0 1743.39732 100.07639 100.07639 47.80182899999977
682 684.0 1775.17319 100.129734 100.129734 22.322054999999864
687 689.0 1852.48632 100.422646 100.422646 -43.810494999999946
693 695.0 1780.44303 101.073584 101.073584 48.027529000000186
696 698.0 1884.55715 101.514541 101.514541 -43.69678799999997
698 700.0 1835.87426 101.848732 101.848732 14.121039999999994
699 701.0 1867.00295 102.027497 102.027497 -12.185926999999992
706 708.0 1942.8154 103.483294 103.483294 -49.770860000000084
707 709.0 1869.14561 103.718896 103.718896 29.963084000000208
708 710.0 1870.06777 103.960971 103.960971 35.24644199999989
710 712.0 1901.29306 104.463657 104.463657 16.84323600000016
711 713.0 1920.5018 104.723965 104.723965 4.244426000000203
715 717.0 2001.71579 105.819668 105.819668 -49.283511999999746
718 720.0 1958.32914 106.692728 106.692728 16.077557999999954
720 722.0 1941.97584 107.296266 107.296266 47.601927999999816
724 726.0 1975.08134 108.547425 108.547425 45.9532720000002
726 728.0 1992.07342 109.191706 109.191706 45.18405500000017
729 731.0 2038.45105 110.177399 110.177399 23.66742100000033
730 732.0 2112.84182 110.510285 110.510285 -42.31184600000006
731 733.0 2035.27829 110.845008 110.845008 43.719405999999935
735 737.0 2157.57531 112.198307 112.198307 -44.216779000000315
741 743.0 2130.30703 114.251094 114.251094 35.65130900000031
742 744.0 2164.02228 114.593544 114.593544 10.776581999999962
744 746.0 2223.76666 115.276924 115.276924 -31.25946199999953
748 750.0 2223.7478 116.631611 116.631611 4.169178000000102
751 753.0 2267.48892 117.63078 117.63078 -13.154641999999512
752 754.0 2256.32752 117.959516 117.959516 6.762576999999965
754 756.0 2304.69601 118.609164 118.609164 -24.196046000000024
756 758.0 2265.37361 119.24732 119.24732 32.37010000000009
757 759.0 2275.05951 119.56154 119.56154 31.232199000000037
758 760.0 2277.02097 119.872245 119.872245 37.76322200000004
760 762.0 2289.14207 120.482263 120.482263 42.4414740000002
761 763.0 2296.64563 120.781365 120.781365 43.235134000000016
775 777.0 2475.56801 124.461677 124.461677 -29.518079999999827
780 782.0 2506.82979 125.495254 125.495254 -28.48485699999992
785 787.0 2489.16278 126.354341 126.354341 18.01201600000013
786 788.0 2506.98103 126.503959 126.503959 5.5167050000004565
795 797.0 2510.91372 127.546336 127.546336 42.26957200000015
796 798.0 2538.53177 127.621122 127.621122 18.321697999999742
797 799.0 2566.30495 127.687349 127.687349 -5.961205000000064
798 800.0 2529.00418 127.744725 127.744725 34.64721700000018
801 803.0 2583.05344 127.864116 127.864116 -10.60236900000018
805 807.0 2576.9292 127.898166 127.898166 4.5295609999998305
808 810.0 2599.15433 127.828015 127.828015 -13.083090000000084
811 813.0 2603.96533 127.674496 127.674496 -15.190949999999702
814 816.0 2576.29357 127.437449 127.437449 13.26901799999996
821 823.0 2599.36245 126.56071 126.56071 -15.34918000000016
822 824.0 2539.82056 126.398785 126.398785 42.56196099999988
826 828.0 2620.50146 125.659307 125.659307 -46.717209999999795
829 831.0 2601.43037 125.01209 125.01209 -36.2584939999997
832 834.0 2592.66584 124.284344 124.284344 -37.943193000000065
833 835.0 2550.88864 124.024182 124.024182 -0.05430500000011307
835 837.0 2548.34298 123.477589 123.477589 -5.889114999999947
839 841.0 2568.20533 122.281228 122.281228 -44.90799900000002
840 842.0 2547.54461 121.960965 121.960965 -29.53118600000016
844 846.0 2509.71594 120.596404 120.596404 -14.793772999999874
846 848.0 2434.32156 119.865278 119.865278 47.89317000000028
849 851.0 2503.64233 118.710309 118.710309 -41.92124700000022
851 853.0 2489.11257 117.902932 117.902932 -41.99170699999968
852 854.0 2453.92848 117.488541 117.488541 -14.381826000000274
853 855.0 2437.44313 117.066996 117.066996 -5.649940000000242
854 856.0 2473.72026 116.638651 116.638651 -49.857142000000295
856 858.0 2387.66793 115.761504 115.761504 19.815973999999642
859 861.0 2401.41803 114.396975 114.396975 -19.75946999999951
861 863.0 2316.64539 113.456258 113.456258 46.991353999999774
865 867.0 2369.14796 111.505212 111.505212 -43.382352999999966
866 868.0 2304.88236 111.006814 111.006814 11.052110999999968
869 871.0 2241.75521 109.489812 109.489812 43.86278600000014
874 876.0 2205.90745 106.868309 106.868309 26.629703000000063
878 880.0 2146.06686 104.705317 104.705317 41.94362200000023
884 886.0 2132.68665 101.362126 101.362126 -14.388154000000213
885 887.0 2148.63525 100.79517 100.79517 -42.2505199999996
886 888.0 2083.8963 100.225955 100.225955 10.500142000000324
888 890.0 2098.47016 99.080818 99.080818 -28.258818999999676
889 891.0 2080.48876 98.5054144 98.5054144 -22.466758000000027
892 894.0 1998.54918 96.7690778 96.7690778 22.556523999999854
904 906.0 1897.92394 89.747893 89.747893 -28.176001999999926
905 907.0 1845.9423 89.1626757 89.1626757 11.040661
906 908.0 1833.1413 88.5780346 88.5780346 11.069360999999844
915 917.0 1774.46439 83.3718793 83.3718793 -44.93894399999999
916 918.0 1744.74539 82.8022026 82.8022026 -27.865502000000106
917 919.0 1669.12796 82.2349038 82.2349038 35.13969700000007
932 934.0 1557.55813 74.0911733 74.0911733 -35.79238599999985
934 936.0 1508.14661 73.0703756 73.0703756 -9.402358999999933
935 937.0 1447.5514 72.5665999 72.5665999 39.820293999999876
936 938.0 1434.71767 72.0673886 72.0673886 41.37605600000006
939 941.0 1437.74295 70.598147 70.598147 5.103052999999818
940 942.0 1461.38956 70.1180974 70.1180974 -29.424471999999923
941 943.0 1391.49007 69.6431481 69.6431481 29.698094000000083
943 945.0 1434.62577 68.7084379 68.7084379 -34.67182600000024
944 946.0 1375.43805 68.2490317 68.2490317 14.062453999999889
947 949.0 1312.07274 66.9029981 66.9029981 46.74546899999996
951 953.0 1344.3974 65.1868352 65.1868352 -24.833209000000124
952 954.0 1338.84836 64.7721918 64.7721918 -28.788700000000063
953 955.0 1294.59586 64.3634583 64.3634583 6.08689900000013
954 956.0 1298.77904 63.9607052 63.9607052 -7.343511999999919
957 959.0 1241.51764 62.7890818 62.7890818 22.974774000000025
958 960.0 1301.98494 62.4110078 62.4110078 -46.20046500000012
959 961.0 1274.38303 62.0391656 62.0391656 -27.166463999999905
960 962.0 1229.0883 61.6737077 61.6737077 9.70249200000012
962 964.0 1268.30657 60.9623133 60.9623133 -45.932447999999795
964 966.0 1248.21985 60.2771185 60.2771185 -41.66832899999986
968 970.0 1190.26002 58.9862005 58.9862005 -13.502390999999989
971 973.0 1115.61973 58.0877798 58.0877798 40.46998600000006
972 974.0 1116.88249 57.8016145 57.8016145 32.639590000000226
973 975.0 1192.3919 57.5222152 57.5222152 -49.27717400000006
975 977.0 1121.09888 56.983339 56.983339 9.680588999999827
978 980.0 1128.53157 56.2254735 56.2254735 -15.06184300000018
979 981.0 1146.35555 55.9862934 55.9862934 -38.33909700000004
980 982.0 1128.8065 55.7539391 55.7539391 -26.08566699999983
981 983.0 1128.77109 55.5282282 55.5282282 -31.188638999999966
983 985.0 1098.1921 55.0968881 55.0968881 -10.416405000000168
985 987.0 1112.92892 54.6922304 54.6922304 -34.33625499999994
986 988.0 1069.3314 54.4997766 54.4997766 4.902502999999797
989 991.0 1088.73935 53.9618576 53.9618576 -26.656446000000187
993 995.0 1035.66471 53.3355124 53.3355124 12.357076000000006
994 996.0 1012.29964 53.1949803 53.1949803 32.58554000000004
996 998.0 1030.02373 52.9331225 52.9331225 9.038784000000078
997 999.0 1049.73285 52.8116328 52.8116328 -13.357542000000194
999 1001.0 1052.10965 52.5877493 52.5877493 -20.663441000000148
1000 1002.0 1014.32757 52.4851027 52.4851027 14.875537999999892
1002 1004.0 1019.71006 52.297309 52.297309 5.446642999999881
1003 1005.0 1035.04841 52.2122648 52.2122648 -11.696282000000224
1004 1006.0 1002.22509 52.1331011 52.1331011 19.467349000000013
1005 1007.0 1053.8307 52.0595795 52.0595795 -33.65372699999989
1006 1008.0 972.790061 51.9917111 51.9917111 46.014996999999994
1014 1016.0 1059.78433 51.6430714 51.6430714 -46.913745999999946
1018 1020.0 981.332065 51.5899735 51.5899735 31.74821399999996
1019 1021.0 1022.02665 51.5884133 51.5884133 -8.584692000000018
1020 1022.0 1044.34978 51.5913644 51.5913644 -30.42660100000012
1021 1023.0 1010.74681 51.5987398 51.5987398 3.775015000000053
1023 1025.0 984.484539 51.6263262 51.6263262 31.578288999999927
1024 1026.0 1058.52804 51.6464333 51.6464333 -41.5271919999999
1026 1028.0 1059.96039 51.6987742 51.6987742 -40.75946299999998
1027 1029.0 1024.37 51.730825 51.730825 -3.9114759999998796
1028 1030.0 1005.07403 51.7666779 51.7666779 16.74412099999995
1029 1031.0 1007.92737 51.8061779 51.8061779 15.350153000000091
1030 1032.0 1057.28303 51.8493762 51.8493762 -32.44869500000004
1031 1033.0 1071.36592 51.8961098 51.8961098 -44.87965800000006
1034 1036.0 1011.39937 52.0564189 52.0564189 20.589781000000016
1035 1037.0 994.481007 52.1161294 52.1161294 39.51684200000011
1038 1040.0 1085.02281 52.3130408 52.3130408 -44.5097209999999
1039 1041.0 1084.76609 52.3841872 52.3841872 -41.92645900000002
1041 1043.0 1001.2733 52.5340405 52.5340405 46.436518999999976
1043 1045.0 1017.10661 52.6934529 52.6934529 35.74582299999997
1044 1046.0 1078.14251 52.7764605 52.7764605 -22.623087999999825
1045 1047.0 1068.13914 52.8615279 52.8615279 -9.892436999999973
1046 1048.0 1025.22663 52.9484783 52.9484783 35.804993000000195
1048 1050.0 1072.26636 53.127991 53.127991 -5.502693000000136
1049 1051.0 1074.93779 53.2202715 53.2202715 -5.232306999999992
1051 1053.0 1110.39398 53.4093033 53.4093033 -34.66468500000019
1053 1055.0 1049.02911 53.6037795 53.6037795 32.896592000000055
1054 1056.0 1110.93708 53.7027834 53.7027834 -25.85388499999999
1055 1057.0 1064.8098 53.8028251 53.8028251 23.467481000000134
1059 1061.0 1087.42018 54.2113036 54.2113036 13.954662999999982
1060 1062.0 1082.22795 54.3150362 54.3150362 22.49025400000005
1061 1063.0 1070.4242 54.4191394 54.4191394 37.66035600000009
1063 1065.0 1154.46862 54.6284059 54.6284059 -39.591723
1064 1066.0 1157.05873 54.7332982 54.7332982 -38.76055899999983
1065 1067.0 1160.27372 54.8382407 54.8382407 -38.540710999999874
1066 1068.0 1141.99638 54.9430708 54.9430708 -16.817371999999978
1068 1070.0 1129.30909 55.1524104 55.1524104 2.7856980000001386
1069 1071.0 1120.77403 55.2566798 55.2566798 14.785642000000053
1071 1073.0 1152.06721 55.4639373 55.4639373 -9.576158000000078
1073 1075.0 1164.70655 55.6690872 55.6690872 -15.298692000000074
1075 1077.0 1143.11913 55.8713973 55.8713973 13.170636999999942
1079 1081.0 1127.1412 56.2647997 56.2647997 42.724914000000126
1083 1085.0 1205.75815 56.639004 56.639004 -22.70662100000004
1089 1091.0 1187.59021 57.1544376 57.1544376 14.126113000000032
1090 1092.0 1251.496 57.2341204 57.2341204 -46.83257000000003
1093 1095.0 1252.19603 57.4615559 57.4615559 -39.00371000000018
1095 1097.0 1203.24746 57.6026521 57.6026521 15.35958699999992
1096 1098.0 1262.17468 57.6699123 57.6699123 -40.94491400000015
1099 1101.0 1274.20578 57.8575975 57.8575975 -45.45974000000001
1102 1104.0 1222.33074 58.0233031 58.0233031 13.380165000000034
1103 1105.0 1223.05357 58.0734674 58.0734674 14.851120999999921
1105 1107.0 1264.10531 58.1659224 58.1659224 -22.011698000000024
1106 1108.0 1200.04954 58.2082063 58.2082063 44.036884999999984
1110 1112.0 1209.50608 58.3499815 58.3499815 41.84654999999998
1111 1113.0 1287.96038 58.3784463 58.3784463 -34.973391999999876
1114 1116.0 1286.09705 58.4464231 58.4464231 -28.663475000000062
1115 1117.0 1295.99057 58.4632073 58.4632073 -37.23101299999985
1116 1118.0 1271.62009 58.4769915 58.4769915 -11.61470099999974
1117 1119.0 1227.47772 58.4876989 58.4876989 33.692116999999826
1118 1120.0 1216.87838 58.4954576 58.4954576 45.37327899999991
1119 1121.0 1217.61631 58.5001936 58.5001936 45.63329599999997
1120 1122.0 1303.83473 58.5019073 58.5019073 -39.672305999999935
1121 1123.0 1259.06662 58.5005263 58.5005263 5.922231000000011
1123 1125.0 1242.67771 58.4887801 58.4887801 23.6997429999999
1124 1126.0 1242.99961 58.4783422 58.4783422 23.93746299999998
1126 1128.0 1282.57667 58.4482318 58.4482318 -14.796158000000105
1127 1129.0 1223.4878 58.4297057 58.4297057 44.57393499999989
1128 1130.0 1228.80676 58.4082452 58.4082452 39.4407920000001
1130 1132.0 1218.70537 58.3555405 58.3555405 49.624680000000126
1131 1133.0 1240.3151 58.3243313 58.3243313 27.912223999999924
1134 1136.0 1303.41311 58.2111893 58.2111893 -36.06445099999996
1138 1140.0 1249.89891 58.0152063 58.0152063 14.964465000000018
1140 1142.0 1244.37574 57.8973872 57.8973872 18.690618000000086
1141 1143.0 1280.86532 57.8334939 57.8334939 -18.83433100000002
1143 1145.0 1301.94001 57.6960647 57.6960647 -42.25093599999991
1144 1146.0 1272.40612 57.6224887 57.6224887 -14.022558000000117
1145 1147.0 1230.97086 57.5458624 57.5458624 26.018188000000237
1149 1151.0 1238.09155 57.2087563 57.2087563 12.440144999999802
1151 1153.0 1240.905 57.0222488 57.0222488 5.8781249999999545
1154 1156.0 1251.96197 56.7229314 56.7229314 -11.438881000000038
1155 1157.0 1266.89485 56.6174121 56.6174121 -28.626039999999875
1156 1158.0 1208.30748 56.5090657 56.5090657 27.624235
1157 1159.0 1184.0515 56.397866 56.397866 49.46090200000003
1159 1161.0 1259.87447 56.1673219 56.1673219 -31.444923000000017
1160 1162.0 1218.51783 56.0479822 56.0479822 7.249403000000029
1162 1164.0 1195.09067 55.8012602 55.8012602 25.11328000000003
1164 1166.0 1171.36614 55.5441106 55.5441106 42.9605489999999
1165 1167.0 1165.27307 55.4117329 55.4117329 45.99885500000005
1166 1168.0 1174.92405 55.2768418 55.2768418 33.216559999999845
1171 1173.0 1172.60082 54.5661041 54.5661041 18.76165899999978
1176 1178.0 1136.94076 53.7994623 53.7994623 35.88932900000009
1177 1179.0 1199.2128 53.6400006 53.6400006 -30.283609999999953
1178 1180.0 1154.44254 53.4786024 53.4786024 10.524461999999858
1182 1184.0 1141.34835 52.8145812 52.8145812 7.187821000000213
1184 1186.0 1120.24657 52.4722296 52.4722296 19.746824999999944
1185 1187.0 1144.00192 52.2986762 52.2986762 -8.35619799999995
1186 1188.0 1166.43246 52.1235664 52.1235664 -35.18312199999991
1188 1190.0 1109.35869 51.769092 51.769092 12.958266000000094
1189 1191.0 1163.36048 51.5897969 51.5897969 -45.57623699999999
1191 1193.0 1108.4168 51.2278081 51.2278081 0.17727700000000368
1193 1195.0 1116.18654 50.8610105 50.8610105 -16.937734999999748
1194 1196.0 1094.72433 50.7048599 50.7048599 -0.20207600000003367
1195 1197.0 1076.01924 50.5184246 50.5184246 13.742809999999963
1196 1198.0 1074.30196 51.8510734 51.8510734 10.667965999999979
1202 1204.0 1079.00281 50.6946631 50.6946631 -23.357381000000032
1204 1206.0 1008.33225 50.2797541 50.2797541 37.363513000000125
1205 1207.0 992.857441 50.0717771 50.0717771 47.838902000000076
1208 1210.0 1046.02109 49.4464385 49.4464385 -20.39905399999998
1210 1212.0 1041.99296 49.0290154 49.0290154 -26.465693999999985
1211 1213.0 978.822959 48.8202921 48.8202921 31.647981000000073
1213 1215.0 1026.37245 48.4033129 48.4033129 -26.025010000000066
1214 1216.0 1037.16016 48.195107 48.195107 -41.87705119999998
1215 1217.0 976.691163 47.9872368 47.9872368 13.527804200000105
1216 1218.0 942.704954 47.7797308 47.7797308 42.45150479999995
1219 1221.0 930.047371 47.1599712 47.1599712 39.945937999999956
1220 1222.0 930.30698 46.9545303 46.9545303 34.64497549999999
1221 1223.0 950.595962 46.74971 46.74971 9.32363040000007
1222 1224.0 955.085603 46.545657 46.545657 -0.1878842999999506
1223 1225.0 946.286151 46.3423885 46.3423885 3.6016917000000603
1224 1226.0 931.963741 46.139918 46.139918 12.927741100000048
1225 1227.0 935.65131 45.9383919 45.9383919 4.258853800000111
1226 1228.0 886.212277 45.7378337 45.7378337 48.733147200000076
1228 1230.0 966.899 45.339793 45.339793 -41.82712770000012
1229 1231.0 872.721582 45.1424704 45.1424704 47.444597499999986
1230 1232.0 908.214688 44.9463567 44.9463567 7.068615799999861
1231 1233.0 885.707066 44.7514518 44.7514518 24.717762499999935
1232 1234.0 900.751363 44.5579148 44.5579148 4.84098310000013
1233 1235.0 891.009474 44.365752 44.365752 9.777984700000161
1234 1236.0 880.157728 44.1749818 44.1749818 15.854049600000053
1235 1237.0 894.942076 43.9857489 43.9857489 -3.6751520000000255
1236 1238.0 849.857126 43.7980554 43.7980554 36.69740219999994
1237 1239.0 876.010916 43.6119096 43.6119096 5.865314300000023
1239 1241.0 889.492457 43.2446292 43.2446292 -16.86392109999997
1241 1243.0 903.613366 42.8841844 42.8841844 -40.076214200000095
1242 1244.0 821.55799 42.7066712 42.7066712 37.49628789999986
1243 1245.0 864.862184 42.531014 42.531014 -10.2466412
1244 1246.0 861.917818 42.3572131 42.3572131 -11.69516410000017
1245 1247.0 819.85319 42.1853926 42.1853926 26.024137799999835
1248 1250.0 850.319182 41.6819875 41.6819875 -17.175140899999974
1249 1251.0 821.101977 41.5183729 41.5183729 7.904143200000021
1250 1252.0 785.123694 41.3568901 41.3568901 39.79954109999994
1251 1253.0 776.259911 41.1976438 41.1976438 44.63598549999995
1253 1255.0 779.088988 40.885886 40.885886 33.92092290000005
1254 1256.0 792.331307 40.7334605 40.7334605 16.82098719999999
1255 1257.0 815.735275 40.5833695 40.5833695 -10.382990100000029
1256 1258.0 765.967117 40.4355892 40.4355892 35.64328539999997
1258 1260.0 789.892814 40.1472491 40.1472491 4.4102911999999606
1259 1261.0 797.396027 40.0066732 40.0066732 -6.65728850000005
1260 1262.0 813.53337 39.8685774 39.8685774 -26.298775299999875
1261 1263.0 785.8798 39.7329673 39.7329673 -2.0885977000001503
1262 1264.0 761.232052 39.5998185 39.5998185 19.17703950000009
1263 1265.0 786.30741 39.4692331 39.4692331 -9.218615699999987
1265 1267.0 722.98415 39.2157416 39.2157416 47.65162770000006
1266 1268.0 800.562395 39.0928478 39.0928478 -33.05826379999996
1268 1270.0 784.700945 38.8550327 38.8550327 -23.267687300000034
1269 1271.0 778.431401 38.7400842 38.7400842 -19.93628660000013
1270 1272.0 788.386 38.6278495 38.6278495 -32.76344110000002
1271 1273.0 769.218078 38.518303 38.518303 -16.40194059999999
1272 1274.0 737.588356 38.41141 38.41141 12.488042200000109
1273 1275.0 742.005455 38.3072399 38.3072399 5.398436200000106
1274 1276.0 785.59723 38.2057717 38.2057717 -40.79806170000006
1276 1278.0 749.409034 38.0109146 38.0109146 -9.613743699999986
1277 1279.0 711.689742 37.9175669 37.9175669 25.707505999999967
1278 1280.0 735.654071 37.8269026 37.8269026 -0.5848562000001039
1279 1281.0 743.753176 37.7389914 37.7389914 -10.941424299999994
1280 1282.0 728.776309 37.6538139 37.6538139 1.849112200000036
1281 1283.0 754.164394 37.5713239 37.5713239 -25.653606100000047
1282 1284.0 745.858389 37.4916065 37.4916065 -19.38997089999998
1283 1285.0 720.701261 37.414631 37.414631 3.797618899999975
1285 1287.0 699.7581 37.2688739 37.2688739 21.022480200000018
1286 1288.0 717.595552 37.2001361 37.2001361 1.4374120999999604
1289 1291.0 681.924634 37.0102502 37.0102502 32.31833789999996
1292 1294.0 736.0484 36.8445954 36.8445954 -25.915548200000103
1293 1295.0 729.895909 36.7946661 36.7946661 -20.984350199999994
1295 1297.0 681.706127 36.7027545 36.7027545 24.982458700000052
1296 1298.0 750.695487 36.6606732 36.6606732 -45.0097692999999
1297 1299.0 745.812791 36.6212119 36.6212119 -41.05832959999998
1299 1301.0 730.351222 36.5499505 36.5499505 -27.24687259999996
1300 1302.0 747.956356 36.5181633 36.5181633 -45.57209260000002
1301 1303.0 706.413321 36.4888572 36.4888572 -4.679992900000002
1302 1304.0 708.996341 36.462099 36.462099 -7.845425999999975
1304 1306.0 743.538762 36.4160039 36.4160039 -43.34964830000001
1306 1308.0 657.665368 36.3796772 36.3796772 41.82835479999994
1307 1309.0 709.412246 36.3650443 36.3650443 -10.167943700000023
1308 1310.0 747.684482 36.3527974 36.3527974 -48.62496329999988
1310 1312.0 694.674893 36.3351597 36.3351597 4.206298100000026
1311 1313.0 730.812404 36.3297419 36.3297419 -31.92610650000006
1312 1314.0 722.426228 36.3265488 36.3265488 -23.472886000000017
1313 1315.0 741.765203 36.3255076 36.3255076 -42.68356689999996
1315 1317.0 743.190026 36.3299304 36.3299304 -43.67083420000006
1316 1318.0 674.398669 36.3352657 36.3352657 25.42837989999998
1317 1319.0 671.856085 36.3427022 36.3427022 28.337261600000033
1318 1320.0 723.571258 36.3521387 36.3521387 -22.95388909999997
1319 1321.0 743.362271 36.3636106 36.3636106 -42.2638768999999
1320 1322.0 751.225145 36.3770598 36.3770598 -49.58944999999994
1321 1323.0 668.577965 36.3924034 36.3924034 33.65057370000011
1322 1324.0 708.958334 36.4096729 36.4096729 -6.082147100000043
1323 1325.0 702.750755 36.4287592 36.4287592 0.827140399999962
1324 1326.0 697.048865 36.4496477 36.4496477 7.284049799999934
1326 1328.0 733.61117 36.4967147 36.4967147 -27.611310900000035
1327 1329.0 736.485905 36.5227737 36.5227737 -29.575648499999943
1328 1330.0 729.966184 36.5504733 36.5504733 -22.095274200000063
1329 1331.0 739.838185 36.5797993 36.5797993 -30.957206499999984
1330 1332.0 689.84018 36.6106516 36.6106516 20.09918689999995
1331 1333.0 734.959292 36.6430149 36.6430149 -23.91438310000001
1333 1335.0 691.621258 36.712159 36.712159 21.771491399999945
1334 1336.0 747.918243 36.7488175 36.7488175 -33.285567000000015
1336 1338.0 737.434227 36.8261795 36.8261795 -20.195674899999858
1338 1340.0 737.448423 36.9085692 36.9085692 -17.444044899999994
1340 1342.0 699.642032 36.9956833 36.9956833 23.278313000000026
1341 1343.0 716.186631 37.0408657 37.0408657 8.244899499999974
1342 1344.0 731.700379 37.0870813 37.0870813 -5.723864899999967
1344 1346.0 741.710861 37.1824583 37.1824583 -12.548044100000084
1345 1347.0 712.866557 37.2314829 37.2314829 17.935029299999997
1346 1348.0 770.95359 37.2813979 37.2813979 -38.48453570000004
1347 1349.0 731.209295 37.3320794 37.3320794 2.954630599999973
1348 1350.0 759.874368 37.3835147 37.3835147 -23.98947129999999
1350 1352.0 721.258561 37.4884855 37.4884855 18.14132170000005
1351 1353.0 760.334081 37.5419055 37.5419055 -19.142831600000022
1352 1354.0 756.807509 37.595892 37.595892 -13.804089799999929
1353 1355.0 781.722013 37.6504034 37.6504034 -36.88696560000005
1356 1358.0 792.406618 37.8166512 37.8166512 -41.973509000000035
1357 1359.0 774.684247 37.8728265 37.8728265 -22.355291100000045
1358 1360.0 759.125231 37.9292639 37.9292639 -4.887818899999957
1359 1361.0 785.462475 37.9859553 37.9859553 -29.305392299999994
1360 1362.0 778.510061 38.0428434 38.0428434 -20.42349660000002
1362 1364.0 806.859476 38.157091 38.157091 -44.89017009999998
1363 1365.0 737.921338 38.2143148 38.2143148 25.998379
1364 1366.0 760.956198 38.271563 38.271563 4.918043700000112
1365 1367.0 793.693789 38.3288161 38.3288161 -25.862354500000038
1366 1368.0 733.303249 38.3859704 38.3859704 36.486592499999915
1367 1369.0 791.142094 38.4430114 38.4430114 -19.39409390000003
1368 1370.0 785.864511 38.4999201 38.4999201 -12.160071799999855
1369 1371.0 770.662711 38.5566012 38.5566012 4.995051000000103
1370 1372.0 756.878861 38.6130264 38.6130264 20.72803410000006
1372 1374.0 797.714627 38.724989 38.724989 -16.226027699999918
1374 1376.0 763.823608 38.8354333 38.8354333 21.517902200000094
1376 1378.0 825.894155 38.9440917 38.9440917 -36.73666039999989
1377 1379.0 774.18171 38.9976314 38.9976314 16.86736289999999
1380 1382.0 762.616765 39.1546897 39.1546897 34.02892929999996
1381 1383.0 801.148281 39.2057096 39.2057096 -2.666577899999993
1383 1385.0 812.499085 39.3055476 39.3055476 -10.396011899999962
1384 1386.0 807.762232 39.3542676 39.3542676 -3.8759344000000056
1386 1388.0 803.415578 39.4491255 39.4491255 3.9768613999999616
1387 1389.0 802.899153 39.4952193 39.4952193 6.214031999999975
1388 1390.0 825.987376 39.5403264 39.5403264 -15.176453100000117
1389 1391.0 798.387061 39.5844413 39.5844413 14.097491399999967
1390 1392.0 855.247062 39.6275293 39.6275293 -41.114094799999975
1391 1393.0 857.679157 39.6696023 39.6696023 -41.92410200000006
1392 1394.0 781.309896 39.7105687 39.7105687 36.039801799999964
1393 1395.0 801.768287 39.7504283 39.7504283 17.14748439999994
1395 1397.0 842.584114 39.8267262 39.8267262 -20.626428499999975
1397 1399.0 870.583946 39.8982145 39.8982145 -45.71225939999988
1398 1400.0 835.599539 39.9320889 39.9320889 -9.321692200000143
1399 1401.0 845.197766 39.9647137 39.9647137 -17.54919679999989
1400 1402.0 811.782137 39.9959957 39.9959957 17.20055119999995
1401 1403.0 839.894307 40.0259356 40.0259356 -9.615274699999986
1402 1404.0 791.520037 40.0544994 40.0544994 40.016386799999964
1404 1406.0 818.990191 40.1074445 40.1074445 14.939418000000046
1405 1407.0 848.279553 40.1317296 40.1317296 -13.216535499999964
1406 1408.0 802.347833 40.1545422 40.1545422 33.80487010000002
1407 1409.0 858.639034 40.1759001 40.1759001 -21.44157580000001
1408 1410.0 852.002971 40.1957113 40.1957113 -13.806901999999923
1411 1413.0 792.224194 40.2459956 40.2459956 48.682931600000074
1412 1414.0 817.415485 40.2596179 40.2596179 24.29934759999992
1413 1415.0 803.554529 40.2716573 40.2716573 38.91957260000004
1415 1417.0 860.096229 40.290932 40.290932 -16.2499853999999
1416 1418.0 825.323439 40.2981059 40.2981059 19.135135200000036
1417 1419.0 834.755686 40.303627 40.303627 10.265695900000082
1419 1421.0 814.973075 40.3096664 40.3096664 31.02426099999991
1420 1422.0 841.338619 40.3101244 40.3101244 5.071315799999979
1421 1423.0 802.949473 40.308863 40.308863 43.82244209999999
1422 1424.0 811.249177 40.3060459 40.3060459 35.83382460000007
1425 1427.0 814.340476 40.287257 40.287257 33.36765629999991
1427 1429.0 838.780174 40.2659972 40.2659972 9.085161899999889
1429 1431.0 829.803852 40.2376882 40.2376882 18.0084435
1431 1433.0 839.345778 40.2023544 40.2023544 8.200989400000026
1434 1436.0 848.22707 40.1360419 40.1360419 -1.481943499999943
1436 1438.0 863.896104 40.0829775 40.0829775 -17.957611000000043
1437 1439.0 811.995881 40.0537565 40.0537565 33.456778899999904
1438 1440.0 813.942769 40.022748 40.022748 30.96866579999994
1439 1441.0 825.882525 39.9899772 39.9899772 18.43200569999999
1442 1444.0 863.596664 39.8809488 39.8809488 -21.40979720000007
1443 1445.0 816.101102 39.8410919 39.8410919 25.263263499999994
1445 1447.0 844.297345 39.7561751 39.7561751 -4.749641900000029
1446 1448.0 824.352025 39.7111136 39.7111136 14.200934599999982
1447 1449.0 794.115746 39.664338 39.664338 43.384472600000095
1448 1450.0 786.407464 39.6158861 39.6158861 49.98172310000007
1453 1455.0 819.117026 39.3482436 39.3482436 10.849177899999972
1454 1456.0 822.527016 39.2897239 39.2897239 5.984516600000006
1457 1459.0 792.935346 39.1044014 39.1044014 30.881512499999985
1458 1460.0 779.718861 39.0394025 39.0394025 42.424674799999934
1459 1461.0 792.422821 38.9728391 38.9728391 27.99408029999995
1464 1466.0 767.726726 38.6171805 38.6171805 43.276642100000004
1465 1467.0 759.638186 38.5416116 38.5416116 49.330320299999926
1467 1469.0 772.531499 38.3862331 38.3862331 32.21967410000002
1469 1471.0 823.050835 38.2252616 38.2252616 -22.709955000000036
1470 1472.0 748.091803 38.1427601 38.1427601 49.97302960000002
1471 1473.0 758.769573 38.0589073 38.0589073 36.9727312
1475 1477.0 757.330735 37.7106305 37.7106305 28.668590999999992
1476 1478.0 742.159571 37.6204676 37.6204676 41.293815300000006
1479 1481.0 757.162198 37.3430169 37.3430169 18.39870989999997
1480 1482.0 788.535883 37.2482849 37.2482849 -15.688614799999982
1481 1483.0 723.238431 37.1524751 37.1524751 46.854837299999986
1482 1484.0 745.951437 37.0556315 37.0556315 21.348104899999953
1483 1485.0 757.912666 36.9577637 36.9577637 6.554060800000002
1484 1486.0 745.293701 36.8589307 36.8589307 16.301763700000038
1485 1487.0 708.846471 36.7591052 36.7591052 49.83993039999996
1486 1488.0 797.817627 36.6583417 36.6583417 -42.07744029999992
1487 1489.0 773.276935 36.5566733 36.5566733 -20.519460699999968
1488 1490.0 750.946924 36.4541395 36.4541395 -1.208001999999965
1490 1492.0 738.89201 36.2464955 36.2464955 4.7052342000000635
1493 1495.0 740.13224 35.9291353 35.9291353 -5.995744500000001
1495 1497.0 695.851651 35.7139845 35.7139845 31.822723700000097
1498 1500.0 740.78551 35.3865553 35.3865553 -23.018429800000035
1499 1501.0 720.698117 35.2762754 35.2762754 -6.286853899999983
1500 1502.0 721.832201 35.1654808 35.1654808 -10.801885900000002
1501 1503.0 720.737599 35.0541953 35.0541953 -13.112418000000048
1502 1504.0 661.457756 34.9424624 34.9424624 42.739055399999984
1503 1505.0 691.038163 34.8303142 34.8303142 9.707998899999893
1504 1506.0 698.629483 34.7180722 34.7180722 -1.35528950000014
1505 1507.0 683.984367 34.6055009 34.6055009 9.797505599999909
1506 1508.0 675.808655 34.4926023 34.4926023 14.46151599999996
1507 1509.0 719.687744 34.3794259 34.3794259 -32.94767829999989
1510 1512.0 698.545611 34.0383706 34.0383706 -22.496431700000016
1511 1513.0 690.784872 33.9242892 33.9242892 -18.329534200000012
1512 1514.0 661.617766 33.8100848 33.8100848 7.230292899999995
1514 1516.0 624.786415 33.5813122 33.5813122 36.81081689999996
1516 1518.0 646.088853 33.3523172 33.3523172 8.21598640000002
1517 1519.0 655.983244 33.237825 33.237825 -5.33762020000006
1518 1520.0 603.181332 33.1233525 33.1233525 43.79777720000004
1519 1521.0 630.907838 33.00893 33.00893 12.398499600000036
1520 1522.0 601.386293 32.8946095 32.8946095 38.24206370000002
1523 1525.0 595.411501 32.5525106 32.5525106 33.16221609999991
1524 1526.0 617.386264 32.4388557 32.4388557 7.499221299999931
1526 1528.0 642.511998 32.2122715 32.2122715 -25.001561299999935
1527 1529.0 609.973705 32.0994315 32.0994315 3.852081799999951
1528 1530.0 564.615063 31.9868955 31.9868955 45.52944400000001
1529 1531.0 574.046779 31.8747009 31.8747009 32.420850799999926
1530 1532.0 641.832239 31.7628818 31.7628818 -39.03630649999991
1531 1533.0 587.081844 31.6514717 31.6514717 12.048287100000039
1532 1534.0 548.332734 31.5404827 31.5404827 47.138211200000114
1533 1535.0 594.677531 31.429971 31.429971 -2.8584331000000702
1534 1536.0 543.380751 31.3199309 31.3199309 44.794565000000034
1535 1537.0 553.914371 31.210396 31.210396 30.625958800000035
1536 1538.0 562.982195 31.1014068 31.1014068 17.93267800000001
1537 1539.0 585.789049 30.9929807 30.9929807 -8.489366000000018
1538 1540.0 577.854016 30.8851641 30.8851641 -4.158515100000045
1540 1542.0 615.58423 30.671393 30.671393 -49.061087799999996
1541 1543.0 579.366706 30.5655128 30.5655128 -16.410240499999986
1542 1544.0 563.620326 30.4603181 30.4603181 -4.216529400000013
1543 1545.0 547.30389 30.3558627 30.3558627 8.562004300000012
1544 1546.0 534.607245 30.2521348 30.2521348 17.73627620000002
1545 1547.0 520.927458 30.1491689 30.1491689 27.909985700000107
1546 1548.0 496.570482 30.0469777 30.0469777 48.777949500000034
1548 1550.0 536.899939 29.8450599 29.8450599 1.5247613999999885
1549 1551.0 557.791822 29.7453415 29.7453415 -22.80028260000006
1550 1552.0 509.42117 29.6465049 29.6465049 22.157389399999886
1552 1554.0 523.222946 29.451517 29.451517 1.5933522000000266
1553 1555.0 491.699586 29.3554092 29.3554092 29.769018000000017
1554 1556.0 513.274309 29.26028 29.26028 4.869955900000036
1555 1557.0 529.447957 29.1660965 29.1660965 -14.603873299999918
1556 1558.0 518.407573 29.0729164 29.0729164 -6.838706399999921
1558 1560.0 494.410732 28.8896254 28.8896254 10.685837100000072
1559 1561.0 534.402006 28.7995729 28.7995729 -32.5008861
1560 1562.0 477.826168 28.7105673 28.7105673 20.907729399999937
1561 1563.0 540.143861 28.6226529 28.6226529 -44.54813460000008
1562 1564.0 491.057226 28.5358212 28.5358212 1.4302096000000688
1563 1565.0 451.498086 28.4501018 28.4501018 37.9117713
1564 1566.0 519.489832 28.365531 28.365531 -33.126004499999965
1565 1567.0 483.49124 28.2820637 28.2820637 -0.14105409999996255
1566 1568.0 474.061646 28.1997509 28.1997509 6.308130199999994
1567 1569.0 488.694149 28.1186153 28.1186153 -11.27070359999999
1568 1570.0 507.816952 28.0386379 28.0386379 -33.3049072
1569 1571.0 467.769367 27.9598699 27.9598699 3.8669481000000587
1570 1572.0 434.609037 27.8823153 27.8823153 34.18750760000006
1571 1573.0 496.19778 27.805972 27.805972 -30.20487180000009
1572 1574.0 483.558504 27.730858 27.730858 -20.332922800000063
1573 1575.0 446.822702 27.6569801 27.6569801 13.672036999999989
1574 1576.0 450.440066 27.5843814 27.5843814 7.360491400000001
1576 1578.0 447.768546 27.4430118 27.4430118 4.754334999999969
1577 1579.0 479.695342 27.3742452 27.3742452 -29.755602899999985
1578 1580.0 460.546756 27.3067701 27.3067701 -13.152792100000056
1579 1581.0 482.607251 27.2405794 27.2405794 -37.72151830000007
1580 1582.0 460.743649 27.1756785 27.1756785 -18.32842610000006
1581 1583.0 454.585745 27.1121306 27.1121306 -14.60313259999998
1582 1584.0 468.946801 27.0498546 27.0498546 -31.35872180000007
1583 1585.0 440.826662 26.9888959 26.9888959 -5.594860199999971
1584 1586.0 460.420173 26.9292552 26.9292552 -27.50621419999993
1586 1588.0 465.224219 26.81394 26.81394 -36.82992679999995
1587 1589.0 411.561094 26.7583041 26.7583041 14.63173329999995
1588 1590.0 374.749577 26.7039919 26.7039919 49.280937300000005
1589 1591.0 468.070294 26.6510168 26.6510168 -46.16276060000001
1590 1592.0 455.717446 26.599385 26.599385 -35.8933811
1591 1593.0 430.958947 26.5491177 26.5491177 -13.17865740000002
1592 1594.0 422.219997 26.5001959 26.5001959 -6.44360869999997
1593 1595.0 444.596117 26.452654 26.452654 -30.78357460000001
1594 1596.0 447.55511 26.4064348 26.4064348 -35.666176699999994
1595 1597.0 454.051497 26.3615824 26.3615824 -44.04575399999999
1596 1598.0 434.742315 26.3180502 26.3180502 -26.579161499999998
1597 1599.0 432.075128 26.275883 26.275883 -25.713780799999995
1598 1600.0 407.618206 26.2350613 26.2350613 -3.0176991000000157
1599 1601.0 421.212346 26.1955776 26.1955776 -18.331530500000042
1600 1602.0 403.087933 26.1574307 26.1574307 -1.8854767000000265
1601 1603.0 371.236368 26.1206177 26.1206177 28.329244899999935
1602 1604.0 425.303428 26.0851422 26.0851422 -27.332958899999994
1605 1607.0 388.818613 25.9866933 25.9866933 4.618465300000025
1606 1608.0 384.297724 25.9565299 25.9565299 7.712853300000006
1607 1609.0 437.756685 25.9276903 25.9276903 -47.129985499999975
1608 1610.0 362.878171 25.9001687 25.9001687 26.40745960000004
1609 1611.0 396.673804 25.8739838 25.8739838 -8.68633920000002
1611 1613.0 400.428246 25.8255116 25.8255116 -14.909587000000045
1612 1614.0 394.142371 25.8032075 25.8032075 -9.795086800000036
1613 1615.0 426.749932 25.7821818 25.7821818 -43.53249790000001
1614 1616.0 398.11513 25.7624363 25.7624363 -15.986394899999993
1615 1617.0 401.865879 25.7439385 25.7439385 -20.785067800000036
1616 1618.0 392.007389 25.7266957 25.7266957 -11.93410510000001
1617 1619.0 401.262037 25.7107219 25.7107219 -22.156264600000043
1618 1620.0 419.43509 25.6959418 25.6959418 -41.257196799999974
1619 1621.0 424.018643 25.6823993 25.6823993 -46.729382699999974
1620 1622.0 379.556106 25.6700547 25.6700547 -3.1166205000000105
1621 1623.0 399.387919 25.6589206 25.6589206 -23.759741100000042
1622 1624.0 387.82275 25.6489728 25.6489728 -12.967805699999985
1623 1625.0 397.005742 25.6402121 25.6402121 -22.88635339999996
1624 1626.0 407.199909 25.632625 25.632625 -33.77879619999999
1626 1628.0 417.02078 25.6209307 25.6209307 -44.88598519999999
1627 1629.0 391.302518 25.6167931 25.6167931 -19.7565745
1628 1630.0 376.199212 25.613764 25.613764 -5.206458300000008
1629 1631.0 375.828267 25.6118551 25.6118551 -5.353452300000015
1630 1632.0 406.063236 25.6110614 25.6110614 -36.07152300000001
1631 1633.0 412.479199 25.6113225 25.6113225 -42.93616609999998
1632 1634.0 409.853783 25.6126528 25.6126528 -40.72542720000001
1633 1635.0 365.73932 25.6150233 25.6150233 3.00794099999996
1634 1636.0 365.126945 25.6184341 25.6184341 3.2723799000000326
1637 1639.0 400.254624 25.6347207 25.6347207 -32.70442760000003
1639 1641.0 413.471124 25.6504897 25.6504897 -46.32909739999997
1640 1642.0 340.969082 25.6597882 25.6597882 26.01492589999998
1641 1643.0 367.981945 25.6700241 25.6700241 -1.1258325000000013
1643 1645.0 356.180924 25.6932452 25.6932452 10.507989199999997
1644 1646.0 385.996844 25.706179 25.706179 -19.34812999999997
1645 1647.0 366.044539 25.7199944 25.7199944 0.5923080000000596
1646 1648.0 395.65448 25.7346303 25.7346303 -29.00162180000001
1647 1649.0 370.508085 25.750101 25.750101 -3.811794300000031
1648 1650.0 414.485949 25.7663991 25.7663991 -47.71926380000002
1650 1652.0 369.246758 25.8013471 25.8013471 -2.260426300000006
1651 1653.0 377.803638 25.8199583 25.8199583 -10.669231499999967
1652 1654.0 374.703796 25.8392922 25.8392922 -7.396618500000045
1653 1655.0 404.459378 25.8593622 25.8593622 -36.955341199999964
1654 1656.0 369.485545 25.8801381 25.8801381 -1.7611716999999771
1655 1657.0 393.351287 25.9015923 25.9015923 -25.383714199999986
1656 1658.0 397.612235 25.9237127 25.9237127 -29.37921750000004
1657 1659.0 391.96684 25.9464683 25.9464683 -23.446753299999955
1659 1661.0 418.223008 25.9938634 25.9938634 -49.06640980000003
1660 1662.0 347.431509 26.0184575 26.0184575 22.073273399999948
1661 1663.0 406.005882 26.043624 26.043624 -36.13380749999999
1662 1664.0 357.760202 26.0693445 26.0693445 12.497635100000025
1663 1665.0 401.985898 26.095603 26.095603 -31.324468300000035
1665 1667.0 385.793385 26.1496714 26.1496714 -14.273860000000013
1666 1668.0 368.946045 26.1774484 26.1774484 3.026684899999964
1667 1669.0 393.057377 26.2056741 26.2056741 -20.616208299999983
1668 1670.0 387.725962 26.234339 26.234339 -14.80177789999999
1669 1671.0 390.478864 26.2634377 26.2634377 -17.057748500000002
1670 1672.0 379.865722 26.2929667 26.2929667 -5.934423200000026
1671 1673.0 359.969312 26.3228841 26.3228841 14.484754699999996
1673 1675.0 356.965183 26.383795 26.383795 18.569487100000003
1674 1676.0 396.052211 26.4147632 26.4147632 -19.961056999999983
1675 1677.0 389.808391 26.4460647 26.4460647 -13.150871600000016
1676 1678.0 408.769901 26.4776528 26.4776528 -31.53681880000005
1677 1679.0 356.401492 26.5095426 26.5095426 21.41566279999995
1678 1680.0 404.199608 26.5416904 26.5416904 -25.7905619
1679 1681.0 392.630333 26.574101 26.574101 -13.622271100000034
1680 1682.0 337.767719 26.6067349 26.6067349 41.84578529999999
1681 1683.0 405.528051 26.6395687 26.6395687 -25.303378699999996
1682 1684.0 383.588164 26.6726253 26.6726253 -2.7473028000000568
1683 1685.0 403.536442 26.7058527 26.7058527 -22.075078899999994
1684 1686.0 356.758408 26.739255 26.739255 25.32705850000002
1685 1687.0 399.356558 26.7728127 26.7728127 -16.644101300000045
1686 1688.0 362.124395 26.806473 26.806473 21.217220399999974
1687 1689.0 380.802281 26.8402647 26.8402647 3.1699398000000087
1688 1690.0 376.24306 26.8741545 26.8741545 8.360487999999975
1689 1691.0 365.482444 26.9081283 26.9081283 19.752470600000038
1690 1692.0 394.810114 26.9421576 26.9421576 -8.944293399999992
1691 1693.0 390.259605 26.9762349 26.9762349 -3.7637947000000054
1692 1694.0 405.337818 27.0103484 27.0103484 -18.213392400000032
1693 1695.0 400.871914 27.0444772 27.0444772 -13.120707799999991
1694 1696.0 380.947037 27.0786188 27.0786188 7.42865299999994
1695 1697.0 399.245183 27.1127209 27.1127209 -10.247770500000001
1696 1698.0 414.420179 27.1467881 27.1467881 -24.804272000000026
1697 1699.0 343.914954 27.1808114 27.1808114 46.31575079999999
1698 1700.0 387.146523 27.2147981 27.2147981 3.6948118999999906
1699 1701.0 437.65017 27.2486891 27.2486891 -46.20284579999998
1700 1702.0 437.761019 27.2825077 27.2825077 -45.71282149999996
1701 1703.0 394.943816 27.3162302 27.3162302 -2.300338600000032
1702 1704.0 405.858751 27.3498233 27.3498233 -12.62606679999999
1703 1705.0 426.582507 27.3832934 27.3832934 -32.767170899999996
1704 1706.0 429.199566 27.416637 27.416637 -34.80861669999996
1705 1707.0 386.135363 27.4498107 27.4498107 8.823674500000038
1706 1708.0 363.410601 27.4828317 27.4828317 32.1085114
1707 1709.0 420.990895 27.5156766 27.5156766 -24.92021150000005
1708 1710.0 396.599093 27.5483186 27.5483186 0.014165100000013808
1709 1711.0 405.957927 27.5807599 27.5807599 -8.8115856
1710 1712.0 362.090651 27.6129804 27.6129804 35.57878499999998
1711 1713.0 406.591629 27.6449443 27.6449443 -8.40958610000007
1712 1714.0 410.956355 27.6766848 27.6766848 -12.272694599999966
1713 1715.0 381.455915 27.7081718 27.7081718 17.717869899999982
1715 1717.0 422.219178 27.770332 27.770332 -22.101649199999997
1716 1718.0 402.152414 27.8010253 27.8010253 -1.5822843000000262
1717 1719.0 375.86371 27.8314126 27.8314126 25.14549059999996
1718 1720.0 396.725789 27.8614989 27.8614989 4.708437600000025
1719 1721.0 373.076951 27.891294 27.891294 28.767739699999936
1720 1722.0 420.447811 27.9207629 27.9207629 -18.207737399999985
1721 1723.0 414.440049 27.9499146 27.9499146 -11.820195099999978
1722 1724.0 364.683659 27.9787225 27.9787225 38.29984890000003
1723 1725.0 387.035775 28.0072055 28.0072055 16.294734500000004
1724 1726.0 450.015937 28.0353574 28.0353574 -46.355606499999965
1725 1727.0 357.862004 28.0631288 28.0631288 46.11043649999999
1726 1728.0 399.123165 28.090533 28.090533 5.143141899999989
1727 1729.0 365.242681 28.1175574 28.1175574 39.29871349999996
1728 1730.0 389.3284 28.1442235 28.1442235 15.468766300000027
1729 1731.0 429.069347 28.1704803 28.1704803 -24.036187600000062
1730 1732.0 423.73598 28.1963517 28.1963517 -18.486763499999995
1731 1733.0 382.415247 28.2218293 28.2218293 23.030009399999983
1732 1734.0 415.940786 28.2469023 28.2469023 -10.319587899999988
1733 1735.0 421.48125 28.2715679 28.2715679 -15.70428979999997
1734 1736.0 433.45446 28.2958498 28.2958498 -27.541998799999988
1735 1737.0 404.465465 28.3196982 28.3196982 1.5621546000000421
1736 1738.0 381.604865 28.34313 28.34313 24.517488600000036
1737 1739.0 408.204405 28.3661431 28.3661431 -2.007823500000029
1738 1740.0 400.716351 28.3887447 28.3887447 5.533870200000024
1740 1742.0 382.581039 28.4326252 28.4326252 23.714368300000046
1741 1743.0 380.963181 28.4539253 28.4539253 25.32360799999998
1743 1745.0 391.238255 28.4952017 28.4952017 14.968462399999964
1745 1747.0 406.804942 28.5346528 28.5346528 -0.7626285000000053
1746 1748.0 425.983949 28.5537065 28.5537065 -20.055669500000022
1748 1750.0 392.880722 28.5904762 28.5904762 12.755409399999962
1749 1751.0 366.76987 28.6081716 28.6081716 38.68798039999996
1751 1753.0 369.336977 28.642251 28.642251 35.69947930000001
1753 1755.0 364.096719 28.6745331 28.6745331 40.431341299999985
1754 1756.0 411.853384 28.6900124 28.6900124 -7.612357699999961
1755 1757.0 382.75118 28.7050479 28.7050479 21.18080930000002
1756 1758.0 391.529509 28.7196481 28.7196481 12.071355899999958
1757 1759.0 400.529732 28.7338255 28.7338255 2.7178362999999877
1758 1760.0 378.369149 28.7475351 28.7475351 24.50286589999996
1759 1761.0 388.988891 28.7608135 28.7608135 13.485228899999925
1761 1763.0 404.752935 28.7860863 28.7860863 -3.1419704999999567
1762 1764.0 401.920051 28.7980508 28.7980508 -0.7745173000000136
1763 1765.0 381.05768 28.8096199 28.8096199 19.599740199999985
1764 1766.0 378.700576 28.8207412 28.8207412 21.445962699999995
1765 1767.0 383.276782 28.8314448 28.8314448 16.336021199999948
1766 1768.0 390.610312 28.8417564 28.8417564 8.445816100000002
1767 1769.0 372.465157 28.8516395 28.8516395 26.011270200000013
1768 1770.0 380.861766 28.8611439 28.8611439 17.011848499999985
1769 1771.0 373.503657 28.8702576 28.8702576 23.744005100000038
1770 1772.0 419.92888 28.8789504 28.8789504 -23.330104000000006
1771 1773.0 354.022111 28.8872779 28.8872779 41.905110899999954
1773 1775.0 381.323469 28.9027821 28.9027821 13.19371110000003
1774 1776.0 386.204396 28.9099927 28.9099927 7.574835000000007
1775 1777.0 372.675556 28.9168272 28.9168272 20.344135400000027
1776 1778.0 358.967879 28.9233123 28.9233123 33.2709552
1777 1779.0 393.398181 28.9294218 28.9294218 -1.9612472000000025
1778 1780.0 403.895461 28.9352053 28.9352053 -13.281194800000037
1779 1781.0 364.034017 28.9406339 28.9406339 25.73709169999995
1781 1783.0 340.112745 28.9505256 28.9505256 47.911695899999984
1782 1784.0 403.08001 28.9549889 28.9549889 -15.958517500000028
1783 1785.0 421.245971 28.9591365 28.9591365 -35.04679269999997
1784 1786.0 382.814127 28.9629879 28.9629879 2.443656100000055
1785 1787.0 371.248764 28.966548 28.966548 13.048828800000024
1786 1788.0 358.805037 28.9698153 28.9698153 24.51385829999998
1787 1789.0 414.8723 28.9728043 28.9728043 -32.55032030000001
1788 1790.0 376.920214 28.9755558 28.9755558 4.386922399999946
1789 1791.0 375.370592 28.9780178 28.9780178 4.90406569999999
1790 1792.0 341.694956 28.9802282 28.9802282 37.52988110000001
1791 1793.0 370.957333 28.9821788 28.9821788 7.200636699999961
1792 1794.0 386.136189 28.9839309 28.9839309 -9.061837099999991
1793 1795.0 375.161307 28.9854221 28.9854221 0.812974899999972
1794 1796.0 390.080002 28.9866911 28.9866911 -15.221942800000022
1795 1797.0 364.893788 28.9877768 28.9877768 8.832196800000077
1796 1798.0 347.594236 28.9886133 28.9886133 24.984125199999937
1797 1799.0 400.575737 28.9892606 28.9892606 -29.160244500000033
1798 1800.0 354.846092 28.9897582 28.9897582 15.391592100000025
1799 1801.0 335.057706 28.9900522 28.9900522 33.98753720000002
1800 1802.0 359.457541 28.9901847 28.9901847 8.380937199999948
1801 1803.0 329.359635 28.9901546 28.9901546 37.2580643
1802 1804.0 341.849799 28.9900001 28.9900001 23.53341889999996
1803 1805.0 349.232122 28.9897127 28.9897127 14.903225100000043
1804 1806.0 347.430475 28.9892635 28.9892635 15.443926600000054
1805 1807.0 341.449405 28.9887311 28.9887311 20.15129239999999
1806 1808.0 338.54436 28.9880947 28.9880947 21.770192199999997
1807 1809.0 349.9147 28.9873359 28.9873359 9.101585
1808 1810.0 377.693918 28.986509 28.986509 -19.98770139999999
1810 1812.0 402.270808 28.98466 28.98466 -47.21875319999998
1811 1813.0 357.271732 28.9836449 28.9836449 -3.5629998
1813 1815.0 347.694333 28.9814537 28.9814537 3.2972394000000236
1814 1816.0 358.662485 28.9803421 28.9803421 -9.043957000000034
1815 1817.0 324.308646 28.9792161 28.9792161 23.927726199999995
1816 1818.0 347.351697 28.9780662 28.9780662 -0.5061910000000012
1817 1819.0 301.99613 28.9769398 28.9769398 43.45020230000006
1818 1820.0 340.809594 28.9758297 28.9758297 3.229661800000031
1819 1821.0 344.795076 28.9747482 28.9747482 -2.1703928999999675
1820 1822.0 305.443381 28.9736923 28.9736923 35.75964140000002
1821 1823.0 319.731768 28.9727237 28.9727237 20.042916100000014
1822 1824.0 357.245991 28.9717903 28.9717903 -18.905910800000015
1824 1826.0 331.288084 28.9701155 28.9701155 4.165649299999984
1825 1827.0 296.880547 28.969422 28.969422 37.12227680000001
1826 1828.0 337.884158 28.9688471 28.9688471 -5.336842399999966
1827 1829.0 314.350921 28.9683601 28.9683601 16.736708999999962
1828 1830.0 312.052255 28.9679787 28.9679787 17.571935499999995
1829 1831.0 282.615539 28.9677702 28.9677702 45.54188289999996
1830 1832.0 295.686237 28.9676773 28.9676773 31.00151440000002
1831 1833.0 316.880457 28.9677589 28.9677589 8.33515090000003
1832 1834.0 308.815745 28.967967 28.967967 14.925676899999985
1833 1835.0 340.921748 28.9683546 28.9683546 -18.656121799999994
1834 1836.0 338.362983 28.9689549 28.9689549 -17.574327799999992
1835 1837.0 299.802924 28.9697471 28.9697471 19.508021299999996
1837 1839.0 352.300443 28.971915 28.971915 -35.945379199999934
1838 1840.0 285.85615 28.9733134 28.9733134 29.021624400000007
1840 1842.0 308.579709 28.9768756 28.9768756 3.347009000000014
1841 1843.0 277.969825 28.9789997 28.9789997 32.48401960000001
1842 1844.0 315.124146 28.9814228 28.9814228 -6.140806199999986
1843 1845.0 309.10638 28.9841129 28.9841129 -1.5907246000000441
1844 1846.0 275.313057 28.9870848 28.9870848 30.738187600000003
1845 1847.0 294.081201 28.9903247 28.9903247 10.509361999999953
1846 1848.0 298.899475 28.9938973 28.9938973 4.234592600000042
1847 1849.0 309.189071 28.9977878 28.9977878 -7.506853100000058
1848 1850.0 327.166703 29.0019875 29.0019875 -26.931228299999987
1849 1851.0 281.975356 29.0065273 29.0065273 16.81891180000008
1851 1853.0 329.648055 29.0166089 29.0166089 -33.71843469999999
1852 1854.0 326.494586 29.0221843 29.0221843 -31.98787490000001
1853 1855.0 307.714993 29.028121 29.028121 -14.624558600000057
1854 1856.0 251.715934 29.0344203 29.0344203 39.9651245
1855 1857.0 300.272455 29.0410858 29.0410858 -9.993602199999998
1856 1858.0 267.198941 29.048151 29.048151 21.685146900000007
1857 1859.0 315.617879 29.0556022 29.0556022 -28.120843700000023
1858 1860.0 305.692594 29.0634544 29.0634544 -19.574626300000034
1859 1861.0 312.981688 29.0717313 29.0717313 -28.234529399999985
1860 1862.0 296.051082 29.0804067 29.0804067 -12.666199000000006
1862 1864.0 280.402813 29.0990335 29.0990335 0.28422330000000784
1863 1865.0 279.139234 29.1090267 29.1090267 0.21278620000003912
1864 1866.0 277.498158 29.1194354 29.1194354 0.5284892000000241
1865 1867.0 283.724568 29.1302985 29.1302985 -7.013370399999928
1866 1868.0 280.114761 29.1416448 29.1416448 -4.708808499999975
1867 1869.0 242.061704 29.1534181 29.1534181 32.04949020000001
1868 1870.0 287.896913 29.1656639 29.1656639 -15.069706899999971
1869 1871.0 273.790342 29.1784172 29.1784172 -2.236069299999997
1870 1872.0 275.166823 29.1916162 29.1916162 -4.874143400000037
1871 1873.0 267.454117 29.2053196 29.2053196 1.5885961999999836
1872 1874.0 292.345315 29.219485 29.219485 -24.54065360000004
1873 1875.0 254.211074 29.2341823 29.2341823 12.367738900000006
1874 1876.0 274.231106 29.2493732 29.2493732 -8.865648300000032
1875 1877.0 274.141796 29.2650365 29.2650365 -9.976909400000011
1876 1878.0 299.847635 29.2812474 29.2812474 -36.87024309999998
1877 1879.0 244.33867 29.2979753 29.2979753 17.464596599999965
1878 1880.0 308.781537 29.3151802 29.3151802 -48.13873190000004
1879 1881.0 308.024671 29.3329589 29.3329589 -48.52836839999998
1880 1882.0 274.009189 29.3512684 29.3512684 -15.64513340000002
1881 1883.0 279.648581 29.3700799 29.3700799 -22.402219199999934
1882 1884.0 274.362541 29.3894602 29.3894602 -18.21902140000003
1883 1885.0 219.774192 29.409396 29.409396 35.28163700000002
1884 1886.0 256.400748 29.4298739 29.4298739 -2.417157300000042
1885 1887.0 232.544137 29.4509018 29.4509018 20.38296969999996
1886 1888.0 262.031288 29.4724745 29.4724745 -10.144607900000011
1887 1889.0 268.780545 29.494616 29.494616 -17.91793000000004
1888 1890.0 264.01472 29.5173118 29.5173118 -14.159503099999995
1889 1891.0 201.066806 29.5405661 29.5405661 47.797935300000006
1890 1892.0 293.024316 29.5643874 29.5643874 -45.133073199999956
1891 1893.0 272.316204 29.5887802 29.5887802 -25.3814792
1892 1894.0 235.901015 29.6137457 29.6137457 10.094175800000016
1893 1895.0 253.809898 29.6392689 29.6392689 -8.737253899999985
1894 1896.0 254.065142 29.6653871 29.6653871 -9.898054200000018
1895 1897.0 201.325678 29.6920818 29.6920818 41.95284699999999
1896 1898.0 240.866849 29.719358 29.719358 1.5401091999999892
1897 1899.0 253.93618 29.7472111 29.7472111 -12.383789800000017
1898 1900.0 266.35103 29.7756583 29.7756583 -25.636206699999974
1899 1901.0 258.244111 29.8047292 29.8047292 -18.349851099999995
1901 1903.0 202.992338 29.8645484 29.8645484 35.31181330000004
1902 1904.0 212.638679 29.8953815 29.8953815 24.89593080000003
1903 1905.0 265.160418 29.9267565 29.9267565 -28.378339100000005
1904 1906.0 196.289015 29.9587111 29.9587111 39.75754509999996
1905 1907.0 249.541091 29.9912961 29.9912961 -14.213036500000015
1906 1908.0 273.480883 30.0244237 30.0244237 -38.85431990000001
1907 1909.0 246.953067 30.0581379 30.0581379 -13.010980199999977
1908 1910.0 275.434098 30.0924643 30.0924643 -42.15947169999998
1909 1911.0 265.282805 30.1273363 30.1273363 -32.658623000000006
1910 1912.0 260.210474 30.1628341 30.1628341 -28.219719699999956
1911 1913.0 209.65502 30.1988724 30.1988724 21.719323300000013
1913 1915.0 274.130192 30.2727263 30.2727263 -43.93762090000001
1914 1916.0 256.1215 30.3105394 30.3105394 -26.494290800000044
1915 1917.0 252.75086 30.3489246 30.3489246 -23.671997199999993
1916 1918.0 230.109916 30.3878536 30.3878536 -1.562384800000018
1917 1919.0 230.089111 30.4273923 30.4273923 -2.0558977000000027
1918 1920.0 256.305426 30.4675011 30.4675011 -28.76951790000004
1920 1922.0 273.214439 30.5493806 30.5493806 -46.62210880000006
1921 1923.0 232.06835 30.5911926 30.5911926 -5.922295500000018
1922 1924.0 264.055823 30.6335526 30.6335526 -38.33903779999997
1923 1925.0 207.100883 30.6764791 30.6764791 18.203637200000003
1924 1926.0 240.731564 30.7199198 30.7199198 -15.82230659999999
1927 1929.0 265.582094 30.8536774 30.8536774 -41.756636499999956
1928 1930.0 253.18824 30.8993565 30.8993565 -29.69006220000003
1930 1932.0 218.352469 30.9923328 30.9923328 4.541827299999994
1932 1934.0 231.898841 31.0874688 31.0874688 -9.542209000000014
1933 1935.0 194.889426 31.1358264 31.1358264 27.222658300000035
1936 1938.0 247.082742 31.284059 31.284059 -25.60981380000004
1937 1939.0 248.624995 31.3345243 31.3345243 -27.33436590000005
1938 1940.0 267.522578 31.3854664 31.3854664 -46.39924540000001
1940 1942.0 244.830165 31.4888352 31.4888352 -23.997323199999983
1941 1943.0 208.21695 31.5412641 31.5412641 12.492242199999993
1943 1945.0 210.051645 31.6476193 31.6476193 10.452293499999968
1945 1947.0 251.626127 31.755863 31.755863 -31.27292269999998
1946 1948.0 209.791109 31.8106532 31.8106532 10.506590999999986
1947 1949.0 197.538947 31.8659339 31.8659339 22.716177899999963
1948 1950.0 242.93175 31.9216869 31.9216869 -22.70650660000001
1949 1951.0 218.266867 31.9778637 31.9778637 1.940951599999977
1950 1952.0 226.934862 32.0345119 32.0345119 -6.732249600000017
1951 1953.0 249.388016 32.091572 32.091572 -29.17863030000001
1952 1954.0 235.529421 32.1491004 32.1491004 -15.301522500000033
1953 1955.0 261.229264 32.2070155 32.2070155 -40.97135449999999
1954 1956.0 205.546033 32.2653953 32.2653953 14.753143200000011
1956 1958.0 182.572653 32.3833559 32.3833559 37.84184909999996
1957 1959.0 269.59474 32.4429332 32.4429332 -49.10666900000001
1958 1960.0 177.783761 32.5029415 32.5029415 42.78815419999998
1959 1961.0 265.4225 32.563356 32.563356 -44.75671319999998
1961 1963.0 241.745911 32.6852908 32.6852908 -20.86329570000001
1962 1964.0 244.373279 32.7468408 32.7468408 -23.368208199999998
1965 1967.0 174.333768 32.9336901 32.9336901 47.091803
1967 1969.0 239.458637 33.0600581 33.0600581 -17.7110026
1968 1970.0 193.883866 33.1237178 33.1237178 28.036548599999946
1969 1971.0 249.771627 33.1877588 33.1877588 -27.6709477
1971 1973.0 176.742152 33.316827 33.316827 45.7404075
1972 1974.0 218.834892 33.3818327 33.3818327 3.848724300000015
1973 1975.0 239.716769 33.4471534 33.4471534 -16.825725799999987
1974 1976.0 242.153538 33.5127788 33.5127788 -19.048980099999994
1975 1977.0 247.893099 33.5787064 33.5787064 -24.569222300000007
1976 1978.0 208.794009 33.6449233 33.6449233 14.754706100000021
1977 1979.0 190.878938 33.7114204 33.7114204 32.89984909999998
1979 1981.0 243.804406 33.8452452 33.8452452 -19.550924099999975
1981 1983.0 179.98956 33.9801506 33.9801506 44.75608980000001
1982 1984.0 237.320503 34.0480132 34.0480132 -12.322944599999971
1983 1985.0 249.395513 34.1160976 34.1160976 -24.142553299999975
1984 1986.0 178.13327 34.1844181 34.1844181 47.378289199999955
1985 1987.0 194.476849 34.2529693 34.2529693 31.29621240000003
1989 1991.0 239.168783 34.5295437 34.5295437 -12.326641799999976
1990 1992.0 185.043934 34.5992365 34.5992365 42.06974549999998
1992 1994.0 235.267045 34.7392181 34.7392181 -7.6072831999999835
1994 1996.0 227.476506 34.8852499 34.8852499 0.7313118000000429
1996 1998.0 263.870323 36.532074 36.532074 -35.11493349999998
1997 1999.0 230.06563 36.6464261 36.6464261 -1.0374099
2000 2002.0 253.521397 36.859222 36.859222 -23.682247999999987
2001 2003.0 218.958049 36.9303633 36.9303633 11.147841699999987
2002 2004.0 266.846724 37.0016554 37.0016554 -36.4764021
2003 2005.0 203.563673 37.0731198 37.0731198 27.068452000000008
2004 2006.0 219.272829 37.1446325 37.1446325 11.618151699999999
2005 2007.0 236.313724 37.2163369 37.2163369 -5.167155000000008
2006 2008.0 207.332829 37.2881371 37.2881371 24.065739199999996
2007 2009.0 241.375434 37.3600152 37.3600152 -9.728778400000039
2008 2010.0 193.019602 37.4320434 37.4320434 38.87090519999998
2010 2012.0 236.432263 37.5763398 37.5763398 -4.067854699999998
2011 2013.0 247.009551 37.6486574 37.6486574 -14.415461099999959
2012 2014.0 190.283177 37.7210586 37.7210586 42.535519600000015
2013 2015.0 213.442522 37.7935433 37.7935433 19.595533700000004
2014 2016.0 239.656667 37.866061 37.866061 -6.40467289999998
2015 2017.0 211.7069 37.9387054 37.9387054 21.7534378
2018 2020.0 218.7781 38.1570184 38.1570184 15.271952900000002
2019 2021.0 195.118921 38.2299163 38.2299163 39.11534559999998
2020 2022.0 188.752635 38.3028652 38.3028652 45.65937169999998
2021 2023.0 275.177462 38.3758697 38.3758697 -40.59436640000001
2023 2025.0 218.535467 38.5220288 38.5220288 16.36913830000003
2024 2026.0 234.597093 38.5951699 38.5951699 0.45757449999999267
2025 2027.0 277.290723 38.6683626 38.6683626 -42.09336190000002
2026 2028.0 229.220117 38.7415795 38.7415795 6.112388100000004
2027 2029.0 272.239577 38.8148361 38.8148361 -36.7796591
2028 2030.0 223.351951 38.8881242 38.8881242 12.227466299999975
2029 2031.0 228.479259 38.9614287 38.9614287 7.211561399999965
2030 2032.0 234.468508 39.0347798 39.0347798 1.3254354999999975
2031 2033.0 220.237536 39.1081367 39.1081367 15.651066600000007
2032 2034.0 231.147735 39.1815182 39.1815182 4.826877799999977
2034 2036.0 254.474079 39.3283797 39.3283797 -18.354135499999984
2035 2037.0 203.06487 39.4018009 39.4018009 33.114021099999974
2036 2038.0 265.054841 39.4752401 39.4752401 -28.826397300000025
2037 2039.0 209.646447 39.5487382 39.5487382 26.621966299999997
2039 2041.0 218.249412 39.6956631 39.6956631 18.069435399999975
2040 2042.0 193.723968 39.769128 39.769128 42.6049644
2041 2043.0 239.565568 39.842649 39.842649 -3.2368928999999866
2042 2044.0 255.98166 39.9161254 39.9161254 -19.663775699999974
2043 2045.0 199.850489 39.9896053 39.9896053 36.44587869999995
2044 2046.0 251.138335 40.06314 40.06314 -14.874402400000037
2045 2047.0 234.002462 40.1366022 40.1366022 2.217923600000006
2046 2048.0 237.767543 40.2101396 40.2101396 -1.6020104000000117
2047 2049.0 225.835743 40.2836147 40.2836147 10.26343589999999
2048 2050.0 233.566687 40.3571378 40.3571378 2.4544420000000002
2049 2051.0 200.534731 40.4305968 40.4305968 35.39649109999999
2050 2052.0 212.593522 40.5040961 40.5040961 23.235915199999994
2051 2053.0 199.620147 40.5775585 40.5775585 36.095641700000016
2052 2054.0 229.382296 40.6510421 40.6510421 6.207995199999999
2054 2056.0 205.359728 40.7979428 40.7979428 29.94408009999998
2055 2057.0 256.271541 40.871388 40.871388 -21.128688600000004
2056 2058.0 198.273439 40.9448581 40.9448581 36.69666830000003
2057 2059.0 196.691262 41.0183404 41.0183404 38.09432610000002
2058 2060.0 216.144464 41.0917195 41.0917195 18.44484650000001
2059 2061.0 252.636284 41.1652185 41.1652185 -18.254994099999976
2060 2062.0 260.085409 41.2386723 41.2386723 -25.92386680000004
2061 2063.0 249.800971 41.3121015 41.3121015 -15.870887699999997
2063 2065.0 201.167562 41.4590515 41.4590515 32.2645344
2065 2067.0 234.350342 41.6059293 41.6059293 -1.4628820000000076
2066 2068.0 258.730699 41.6794094 41.6794094 -26.133009300000026
2067 2069.0 225.326697 41.7529007 41.7529007 6.969610199999977
2068 2070.0 263.641825 41.8263934 41.8263934 -31.658495499999987
2069 2071.0 259.196633 41.8998827 41.8998827 -27.537859200000042
2071 2073.0 233.277551 42.0468688 42.0468688 -2.302552999999989
2072 2074.0 234.537458 42.1204012 42.1204012 -3.9216448999999898
2074 2076.0 222.989004 42.2675157 42.2675157 6.87393449999999
2075 2077.0 232.851306 42.3411004 42.3411004 -3.3820209999999804
2078 2080.0 254.891089 42.5620263 42.5620263 -26.67140889999999
2080 2082.0 198.119829 42.7094443 42.7094443 29.209764199999995
2081 2083.0 229.813326 42.7832298 42.7832298 -2.9458244999999863
2082 2084.0 234.178496 42.8570337 42.8570337 -7.784425900000002
2083 2085.0 198.44612 42.9309337 42.9309337 27.463198300000016
2084 2086.0 191.354479 43.004808 43.004808 34.0587869
2085 2087.0 204.176203 43.0787576 43.0787576 20.729729400000025
2086 2088.0 233.577154 43.1527551 43.1527551 -9.189816000000008
2087 2089.0 271.407573 43.2267745 43.2267745 -47.550070300000044
2088 2090.0 223.89124 43.3008578 43.3008578 -0.5747933000000387
2089 2091.0 220.98749 43.3750281 43.3750281 1.776723899999979
2090 2092.0 235.95791 43.4493065 43.4493065 -13.756968099999966
2092 2094.0 216.493773 43.5979445 43.5979445 4.548155300000019
2093 2095.0 254.26367 43.6723856 43.6723856 -33.81715779999999
2094 2096.0 224.282222 43.7469748 43.7469748 -4.441513900000018
2095 2097.0 251.983044 43.8215693 43.8215693 -32.75836340000001
2096 2098.0 219.741952 43.8962611 43.8962611 -1.143357100000003
2097 2099.0 262.179097 43.9711108 43.9711108 -44.21648000000002
2098 2100.0 206.981656 44.0459969 44.0459969 10.335257600000006
2099 2101.0 170.045207 44.1209771 44.1209771 46.616444899999976
2101 2103.0 227.408398 44.2713045 44.2713045 -12.085270800000018
2102 2104.0 261.518949 44.3466671 44.3466671 -46.8787466
2104 2106.0 193.242848 44.4976778 44.4976778 20.005031000000002
2105 2107.0 182.582972 44.5733207 44.5733207 29.955850999999996
2107 2109.0 175.045884 44.7250618 44.7250618 36.04989999999998
2109 2111.0 190.108225 44.8773573 44.8773573 19.512441499999994
2111 2113.0 255.86898 45.0302505 45.0302505 -47.75411059999999
2112 2114.0 173.79401 45.1069532 45.1069532 33.556896300000034
2113 2115.0 203.194653 45.1837399 45.1837399 3.38515000000001
2114 2116.0 207.494211 45.2607712 45.2607712 -1.6924733000000174
2117 2119.0 248.668764 45.4927646 45.4927646 -45.24120240000002
2118 2120.0 231.328942 45.5705304 45.5705304 -28.70549840000001
2119 2121.0 180.914986 45.6483705 45.6483705 20.898279000000002
2120 2122.0 191.586262 45.7264962 45.7264962 9.41094609999999
2121 2123.0 198.337137 45.8047831 45.8047831 1.8383190999999783
2122 2124.0 218.004635 45.8833021 45.8833021 -18.656442000000027
2123 2125.0 247.211218 45.9619614 45.9619614 -48.695614800000016
2124 2126.0 233.082806 46.0408822 46.0408822 -35.40493369999999
2126 2128.0 199.434902 46.1993964 46.1993964 -3.4471701999999596
2128 2130.0 151.179397 46.3587531 46.3587531 43.09987190000001
2129 2131.0 188.552647 46.4388176 46.4388176 4.865991400000013
2131 2133.0 204.114224 46.599682 46.599682 -12.428681900000015
2132 2134.0 151.962259 46.6804893 46.6804893 38.851206700000006
2133 2135.0 160.886407 46.7615565 46.7615565 29.051557599999995
2135 2137.0 183.161819 46.9245035 46.9245035 5.0156566
2139 2141.0 175.309122 47.2537011 47.2537011 9.314980300000002
2143 2145.0 200.275931 47.5875896 47.5875896 -19.237709800000033
2145 2147.0 216.061346 47.7563926 47.7563926 -36.82420299999998
2146 2148.0 191.084118 47.8412682 47.8412682 -12.748831800000005
2147 2149.0 199.17456 47.9264849 47.9264849 -21.74173430000002
2148 2150.0 178.177656 48.0120203 48.0120203 -1.647687000000019
2151 2153.0 148.31541 48.2707397 48.2707397 25.505694499999976
2152 2154.0 189.027795 48.3576666 48.3576666 -16.10904500000001
2153 2155.0 140.934848 48.4449105 48.4449105 31.082198800000015
2155 2157.0 186.112015 48.6205711 48.6205711 -15.895572700000002
2158 2160.0 155.898221 48.8868801 48.8868801 11.627519799999988
2159 2161.0 162.20326 48.9763247 48.9763247 4.429160599999989
2160 2162.0 154.517697 49.0662732 49.0662732 11.223553800000019
2161 2163.0 181.642121 49.1565984 49.1565984 -16.789672499999995
2163 2165.0 123.670926 49.3383106 49.3383106 39.41189330000002
2166 2168.0 158.668834 49.6140239 49.6140239 1.7827740000000176
2167 2169.0 148.203343 49.706796 49.706796 11.3782736
2168 2170.0 182.954864 49.7999243 49.7999243 -24.239328599999993
2170 2172.0 133.251078 49.9875107 49.9875107 23.744774199999995
2172 2174.0 182.668741 50.1768233 50.1768233 -27.37511570000001
2173 2175.0 119.314904 50.2721706 50.2721706 35.134443700000006
2175 2177.0 113.71504 50.4641339 50.4641339 39.06000719999999
2177 2179.0 183.399561 50.6578702 50.6578702 -32.2790267
2178 2180.0 116.07991 50.7554267 50.7554267 34.22108290000001
2180 2182.0 121.71345 50.9519999 50.9519999 26.96448240000001
2183 2185.0 147.807781 51.2502807 51.2502807 -1.5225941000000205
2184 2186.0 164.316939 51.3506061 51.3506061 -18.817695499999985
2185 2187.0 162.048631 51.4515962 51.4515962 -17.32931049999999
2186 2188.0 100.959556 51.5528802 51.5528802 42.98598299999999
2188 2190.0 184.897958 51.7570649 51.7570649 -42.48107049999999
2191 2193.0 155.790594 52.0670504 52.0670504 -15.617569599999996
2192 2194.0 150.036099 52.1713695 52.1713695 -10.597439400000013
2193 2195.0 179.551795 52.2762857 52.2762857 -40.8404994
2194 2196.0 145.748112 52.3815126 52.3815126 -7.757054899999986
2195 2197.0 99.5148269 52.4874402 52.4874402 37.76324170000001
2196 2198.0 138.514695 52.5937647 52.5937647 -1.9422396999999876
2197 2199.0 155.899391 52.7006907 52.7006907 -20.025048200000015
2200 2202.0 155.968889 53.0243909 53.0243909 -22.142618099999993
2203 2205.0 138.197041 53.3528405 53.3528405 -6.346778400000034
2206 2208.0 107.084646 53.6860278 53.6860278 22.865125399999997
2208 2210.0 85.0241594 53.9108504 53.9108504 43.70229180000001
2209 2211.0 149.010372 54.0240695 54.0240695 -20.882112699999993
2210 2212.0 105.575526 54.1378144 54.1378144 21.963568400000014
2211 2213.0 103.6011 54.2520982 54.2520982 23.3578452
2212 2214.0 165.212656 54.3669291 54.3669291 -38.82485530000001
2213 2215.0 135.808226 54.4822866 54.4822866 -9.982576699999996
2214 2216.0 129.873092 54.5982131 54.5982131 -4.600612200000015
2215 2217.0 150.490375 54.7146341 54.7146341 -25.76209469999999
2216 2218.0 159.691296 54.8316877 54.8316877 -35.49825659999999
2217 2219.0 107.371868 54.9492385 54.9492385 16.294877200000002
2218 2220.0 152.634611 55.0673219 55.0673219 -29.485225299999996
2219 2221.0 170.922994 55.1859606 55.1859606 -48.282045099999976
2220 2222.0 142.832723 55.3051877 55.3051877 -20.691300299999995
2221 2223.0 105.64272 55.4249421 55.4249421 16.00807490000001
2222 2224.0 129.734579 55.5453296 55.5453296 -8.565525999999991
2224 2226.0 108.754822 55.7876071 55.7876071 11.477355000000003
2226 2228.0 141.852373 56.0321155 56.0321155 -22.521679599999985
2227 2229.0 147.783255 56.155126 56.155126 -28.89006329999998
2230 2232.0 130.087678 56.527795 56.527795 -12.454188500000015
2231 2233.0 92.9450668 56.6531549 56.6531549 24.28607860000001
2233 2235.0 130.936733 56.905474 56.905474 -14.484021599999991
2235 2237.0 152.565716 57.160052 57.160052 -36.85652470000001
2236 2238.0 123.127743 57.288219 57.288219 -7.777253700000003
2237 2239.0 122.635247 57.4168426 57.4168426 -7.634773300000006
2238 2240.0 119.376899 57.546079 57.546079 -4.717768400000011
2239 2241.0 104.795778 57.6759301 57.6759301 9.530667400000013
2240 2242.0 154.582988 57.8062627 57.8062627 -40.5805843
2241 2243.0 124.128641 57.9371656 57.9371656 -10.44165000000001
2242 2244.0 141.74266 58.0686771 58.0686771 -28.3624674
2243 2245.0 140.197241 58.200629 58.200629 -27.115247299999993
2245 2247.0 102.362765 58.4664313 58.4664313 10.148569400000014
2246 2248.0 110.737922 58.6001027 58.6001027 1.5009218000000146
2247 2249.0 144.039746 58.7343768 58.7343768 -32.06485359999999
2249 2251.0 104.200147 59.0045543 59.0045543 7.272382799999988
2250 2252.0 78.6587479 59.1405066 59.1405066 32.5752488
2252 2254.0 94.7123621 59.4140696 59.4140696 16.069345199999972
2253 2255.0 150.916477 59.551388 59.551388 -40.34874109999997
2257 2259.0 81.1777679 60.1073668 60.1073668 28.61270589999998
2258 2260.0 130.834593 60.2478984 60.2478984 -21.219325600000005
2262 2264.0 146.424136 60.814747 60.814747 -37.43657190000002
2264 2266.0 75.0934713 61.1015465 61.1015465 33.6225506
2265 2267.0 61.3805301 61.2457886 61.2457886 47.209903999999995
2267 2269.0 148.7758 61.5357553 61.5357553 -40.416743
2268 2270.0 151.13911 61.6815888 61.6815888 -42.886070799999985
2269 2271.0 84.8773787 61.8278703 61.8278703 23.275936700000017
2270 2272.0 142.30464 61.9746083 61.9746083 -34.244869800000004
2271 2273.0 140.985966 62.1222575 62.1222575 -33.01367829999998
2272 2274.0 59.2804478 62.2701933 62.2701933 48.61030379999999
2274 2276.0 78.7096605 62.5676691 62.5676691 29.035390700000008
2278 2280.0 155.710515 63.1692862 63.1692862 -48.1906757
2279 2281.0 139.102333 63.3210169 63.3210169 -31.6256997
2281 2283.0 73.0667906 63.6260481 63.6260481 34.33830909999999
2284 2286.0 82.4908966 64.0874617 64.0874617 24.842285500000003
2285 2287.0 95.0660398 64.2423337 64.2423337 12.252118499999995
2286 2288.0 99.3150683 64.3976752 64.3976752 7.9923365000000075
2287 2289.0 85.1074182 64.553639 64.553639 22.193380300000015
2288 2290.0 77.82507 64.7100656 64.7100656 29.473145599999995
2290 2292.0 114.65195 65.0243546 65.0243546 -7.347326699999996
2291 2293.0 134.855682 65.1823674 65.1823674 -27.54231800000001
2292 2294.0 140.3969 65.3408739 65.3408739 -33.071271499999995
2293 2295.0 116.790197 65.4998708 65.4998708 -9.44890629999999
2294 2296.0 122.278056 65.6593942 65.6593942 -14.917832000000004
2295 2297.0 73.0262328 65.8194118 65.8194118 34.356068500000006
2296 2298.0 122.220253 65.9800573 65.9800573 -14.812857799999989
2297 2299.0 148.346446 66.1411036 66.1411036 -40.911068400000005
2298 2300.0 109.949191 66.3026623 66.3026623 -2.4830709000000155
2301 2303.0 138.550609 66.790393 66.790393 -30.976992400000015
2304 2306.0 153.148633 67.2824061 67.2824061 -45.44734819999999
2306 2308.0 113.320737 67.6131889 67.6131889 -5.524882199999993
2307 2309.0 85.7925713 67.7794114 67.7794114 22.05300919999999
2308 2310.0 100.590496 67.9459696 67.9459696 7.306260100000003
2310 2312.0 76.546637 68.2806359 68.2806359 31.456284699999998
2311 2313.0 147.575304 68.4486565 68.4486565 -39.517660899999996
2312 2314.0 103.103972 68.6171076 68.6171076 5.009305099999992
2313 2315.0 94.1971064 68.7859514 68.7859514 13.972581599999998
2315 2317.0 77.3738448 69.1259291 69.1259291 30.91045170000001
2317 2319.0 117.64419 69.4670469 69.4670469 -9.243814999999998
2318 2320.0 92.0237043 69.6383504 69.6383504 16.43491739999999
2319 2321.0 90.7722205 69.8109491 69.8109491 17.744601900000006
2320 2322.0 149.432067 69.9833021 69.9833021 -40.85722869999999
2321 2323.0 120.447374 70.156299 70.156299 -11.814843999999994
2323 2325.0 81.9480075 70.50382 70.50382 26.79837359999999
2324 2326.0 141.549681 70.6782441 70.6782441 -32.74742140000001
2326 2328.0 144.560615 71.0286199 71.0286199 -35.64939900000002
2327 2329.0 109.031532 71.204504 71.204504 -0.06752180000000862
2331 2333.0 110.042777 71.913019 71.913019 -0.8818270999999953
2332 2334.0 128.303076 72.0912802 72.0912802 -19.09688580000001
2335 2337.0 135.159716 72.629092 72.629092 -25.82855140000001
2336 2338.0 126.588467 72.8091907 72.8091907 -17.219468300000003
2339 2341.0 139.617371 73.3529166 73.3529166 -30.147364299999992
2340 2342.0 89.1061089 73.535058 73.535058 20.393157399999993
2341 2343.0 113.723739 73.7177981 73.7177981 -4.197541000000001
2342 2344.0 156.863035 73.9009794 73.9009794 -47.3123075
2344 2346.0 155.074452 74.268735 74.268735 -45.482169999999996
2346 2348.0 113.495943 74.6382586 74.6382586 -3.872611599999999
2347 2349.0 98.1698031 74.8238906 74.8238906 11.464925499999993
2348 2350.0 136.119686 75.009964 75.009964 -26.47641259999999
2349 2351.0 96.2824634 75.1963527 75.1963527 13.366426599999997
2350 2352.0 92.6901663 75.3834515 75.3834515 16.9613358
2351 2353.0 144.197394 75.5709392 75.5709392 -34.5463606
2353 2355.0 158.163647 75.9473576 75.9473576 -48.5230998
2354 2356.0 81.7342598 76.1362129 76.1362129 27.896115899999998
2356 2358.0 95.9769422 76.5156127 76.5156127 13.622847000000007
2360 2362.0 91.3220781 77.2800902 77.2800902 18.173384199999987
2361 2363.0 145.6442 77.472667 77.472667 -36.18426680000002
2366 2368.0 114.494973 78.4419362 78.4419362 -5.273324399999993
2367 2369.0 101.377765 78.6370123 78.6370123 7.783540700000003
2368 2370.0 119.829508 78.8330379 78.8330379 -10.732961099999997
2374 2376.0 64.9136274 80.0187865 80.0187865 43.70038430000001
2376 2378.0 152.801444 80.4180612 80.4180612 -44.38386890000001
2381 2383.0 149.36196 81.4253342 81.4253342 -41.51253990000002
2385 2387.0 119.39369 82.2404016 82.2404016 -12.077350800000005
2386 2388.0 146.766171 82.445514 82.445514 -39.59392170000001
2387 2389.0 72.6761354 82.651057 82.651057 34.347718199999974
2388 2390.0 95.2885364 82.8571572 82.8571572 11.582627099999996
2391 2393.0 130.41389 83.4789589 83.4789589 -24.026451100000017
2392 2394.0 121.686505 83.687261 83.687261 -15.468820999999991
2394 2396.0 110.552878 84.1053745 84.1053745 -4.6874050000000125
2399 2401.0 134.361903 85.16063 85.16063 -29.450502200000017
2401 2403.0 94.3656696 85.5865946 85.5865946 10.134932899999995
2402 2404.0 129.411137 85.7994146 85.7994146 -25.1221362
2403 2405.0 110.060537 86.0147368 86.0147368 -5.987256799999997
2404 2406.0 124.813759 86.2297116 86.2297116 -20.960306099999997
2408 2410.0 141.471612 87.0953621 87.0953621 -38.5382882
2409 2411.0 109.319021 87.3127852 87.3127852 -6.62586300000001
2410 2412.0 145.84526 87.5311494 87.5311494 -43.39624429999999
2412 2414.0 53.6486335 87.9688625 87.9688625 48.30044149999999
2427 2429.0 89.9624512 91.3369928 91.3369928 7.794892239999996
2430 2432.0 78.4627688 92.0272621 92.0272621 18.375347689999998
2433 2435.0 98.5288054 92.7231835 92.7231835 -2.632319819999992
2441 2443.0 68.0490333 94.6082403 94.6082403 25.242134179999994
2446 2448.0 140.440156 95.8080793 95.8080793 -48.83390198000001
2450 2452.0 102.202686 96.7798263 96.7798263 -11.96788909
2451 2453.0 102.725735 97.0245302 97.0245302 -12.836429280000004
2453 2455.0 63.4878658 97.5179028 97.5179028 25.707835679999995
2460 2462.0 59.5378103 99.2635469 99.2635469 27.21077759
2461 2463.0 57.8572388 99.5152458 99.5152458 28.54031439
2462 2464.0 54.7899565 99.7687777 99.7687777 31.25643382999999
2463 2465.0 97.9824822 100.02238 100.02238 -12.287304390000003
2464 2466.0 127.643466 100.277301 100.277301 -42.29947163
2466 2468.0 40.4691733 100.78861 100.78861 44.172857740000005
2469 2471.0 95.0680057 101.561109 101.561109 -11.476718149999996
2470 2472.0 56.0506533 101.820386 101.820386 27.19129331
2474 2476.0 131.465993 102.864557 102.864557 -49.61472653999999
2476 2478.0 96.0577482 103.39124 103.39124 -14.89667442000001
2479 2481.0 124.457828 104.187264 104.187264 -44.32376690000001
2482 2484.0 44.1626829 104.991 104.991 34.95628050000001
2484 2486.0 38.2330285 105.529723 105.529723 40.216932990000004
2485 2487.0 32.8817327 105.798607 105.798607 45.23629839
2486 2488.0 81.9460171 106.073809 106.073809 -4.15809028000001
2489 2491.0 47.0755108 106.892652 106.892652 29.73389969
2490 2492.0 45.0899332 107.169919 107.169919 31.39747064
2491 2493.0 48.6735848 107.445392 107.445392 27.493968350000003
2493 2495.0 74.0866246 107.999262 107.999262 1.4478461100000004
2503 2505.0 54.752355 110.824874 110.824874 17.75899741
2506 2508.0 51.6327312 111.716422 111.716422 20.021691069999996

